           EFIT++   05/13/25#48821-313ms           0  65  65
 1.940000000e+00 4.400000000e+00 8.000000000e-01 6.000000000e-02 0.000000000e+00
 9.484861308e-01 1.697089715e-02-9.729375460e-02-8.186538794e-03-7.121298218e-01
 7.634614427e+05-9.729375460e-02 0.000000000e+00 9.484861308e-01 0.000000000e+00
 1.697089715e-02 0.000000000e+00-8.186538794e-03 0.000000000e+00 0.000000000e+00
-6.284091447e-01-6.275759199e-01-6.266501240e-01-6.256386648e-01-6.245482638e-01
-6.233854637e-01-6.221566345e-01-6.208679795e-01-6.195255395e-01-6.181351968e-01
-6.167026785e-01-6.152335588e-01-6.137332607e-01-6.122070574e-01-6.106600729e-01
-6.090972819e-01-6.075235097e-01-6.059434310e-01-6.043615690e-01-6.027822935e-01
-6.012098188e-01-5.996482014e-01-5.981013374e-01-5.965729596e-01-5.950666341e-01
-5.935857572e-01-5.921335518e-01-5.907130636e-01-5.893271577e-01-5.879785145e-01
-5.866696258e-01-5.854027916e-01-5.841801155e-01-5.830035017e-01-5.818746511e-01
-5.807950579e-01-5.797660065e-01-5.787885681e-01-5.778635982e-01-5.769917340e-01
-5.761733917e-01-5.754087649e-01-5.746978225e-01-5.740403074e-01-5.734357352e-01
-5.728833935e-01-5.723823414e-01-5.719314088e-01-5.715291972e-01-5.711740793e-01
-5.708641997e-01-5.705974762e-01-5.703715999e-01-5.701840374e-01-5.700320312e-01
-5.699126017e-01-5.698225483e-01-5.697584512e-01-5.697166726e-01-5.696933586e-01
-5.696844398e-01-5.696856329e-01-5.696924415e-01-5.697001567e-01-5.697038575e-01
 2.180430977e+04 2.098338841e+04 2.018350275e+04 1.940431242e+04 1.864548097e+04
 1.790667594e+04 1.718756877e+04 1.648783488e+04 1.580715363e+04 1.514520832e+04
 1.450168620e+04 1.387627847e+04 1.326868028e+04 1.267859074e+04 1.210571288e+04
 1.154975369e+04 1.101042412e+04 1.048743904e+04 9.980517309e+03 9.489381695e+03
 9.013758932e+03 8.553379698e+03 8.107978620e+03 7.677294272e+03 7.261069177e+03
 6.859049802e+03 6.470986568e+03 6.096633837e+03 5.735749925e+03 5.388097090e+03
 5.053441543e+03 4.731553440e+03 4.422206884e+03 4.125179928e+03 3.840254572e+03
 3.567216763e+03 3.305856397e+03 3.055967316e+03 2.817347312e+03 2.589798123e+03
 2.373125436e+03 2.167138884e+03 1.971652052e+03 1.786482467e+03 1.611451608e+03
 1.446384899e+03 1.291111716e+03 1.145465377e+03 1.009283152e+03 8.824062584e+02
 7.646798593e+02 6.559530673e+02 5.560789423e+02 4.649144920e+02 3.823206718e+02
 3.081623850e+02 2.423084827e+02 1.846317637e+02 1.350089746e+02 9.332080985e+01
 5.945191160e+01 3.329086985e+01 1.473022234e+01 3.666454612e+00 0.000000000e+00
-3.541209056e-01-3.969632643e-01-4.364734781e-01-4.727384703e-01-5.058451642e-01
-5.358804831e-01-5.629313502e-01-5.870846889e-01-6.084274225e-01-6.270464743e-01
-6.430287675e-01-6.564612256e-01-6.674307716e-01-6.760243291e-01-6.823288212e-01
-6.864311712e-01-6.884183026e-01-6.883771384e-01-6.863946022e-01-6.825576170e-01
-6.769531064e-01-6.696679934e-01-6.607892015e-01-6.504036540e-01-6.385982741e-01
-6.254599851e-01-6.110757104e-01-5.955323732e-01-5.789168968e-01-5.613162046e-01
-5.428172197e-01-5.235068657e-01-5.034720656e-01-4.827997428e-01-4.615768207e-01
-4.398902225e-01-4.178268714e-01-3.954736909e-01-3.729176042e-01-3.502455347e-01
-3.275444055e-01-3.049011400e-01-2.824026615e-01-2.601358933e-01-2.381877587e-01
-2.166451810e-01-1.955950835e-01-1.751243894e-01-1.553200222e-01-1.362689050e-01
-1.180579613e-01-1.007741142e-01-8.450428703e-02-6.933540317e-02-5.535438589e-02
-4.264815848e-02-3.130364423e-02-2.140776645e-02-1.304744843e-02-6.309613472e-03
-1.281184870e-03 1.950914075e-03 3.299760067e-03 2.678429808e-03-0.000000000e+00
-5.972516845e+05-5.820199022e+05-5.670340120e+05-5.522911782e+05-5.377885655e+05
-5.235233384e+05-5.094926615e+05-4.956936994e+05-4.821236166e+05-4.687795776e+05
-4.556587471e+05-4.427582895e+05-4.300753695e+05-4.176071516e+05-4.053508004e+05
-3.933034804e+05-3.814623562e+05-3.698245923e+05-3.583873533e+05-3.471478038e+05
-3.361031083e+05-3.252504314e+05-3.145869376e+05-3.041097915e+05-2.938161577e+05
-2.837032007e+05-2.737680851e+05-2.640079754e+05-2.544200362e+05-2.450014321e+05
-2.357493275e+05-2.266608872e+05-2.177332756e+05-2.089636573e+05-2.003491968e+05
-1.918870588e+05-1.835744077e+05-1.754084082e+05-1.673862247e+05-1.595050219e+05
-1.517619644e+05-1.441542165e+05-1.366789430e+05-1.293333084e+05-1.221144773e+05
-1.150196142e+05-1.080458836e+05-1.011904501e+05-9.445047837e+04-8.782313285e+04
-8.130557814e+04-7.489497879e+04-6.858849937e+04-6.238330443e+04-5.627655853e+04
-5.026542624e+04-4.434707211e+04-3.851866069e+04-3.277735656e+04-2.712032427e+04
-2.154472838e+04-1.604773345e+04-1.062650403e+04-5.278204698e+03-0.000000000e+00
-1.368430425e-04-3.080461825e-04-5.445829315e-04-8.428038832e-04-1.198187488e-03
-1.605578084e-03-2.059698290e-03-2.556785278e-03-3.068110652e-03-3.532348775e-03
-3.993932814e-03-4.447769227e-03-4.866636826e-03-5.244728320e-03-5.564025664e-03
-5.807408584e-03-5.985409183e-03-6.072815146e-03-6.084451030e-03-6.006553778e-03
-5.833590907e-03-5.579568596e-03-5.215613370e-03-4.769943559e-03-4.221123631e-03
-3.578311071e-03-2.859425341e-03-2.043203798e-03-1.179948730e-03-2.467962272e-04
 7.232544313e-04 1.716986233e-03 2.754008116e-03 3.782630140e-03 4.847739877e-03
 5.906216033e-03 6.967733621e-03 8.049403209e-03 9.103981514e-03 1.018848215e-02
 1.124662887e-02 1.230921640e-02 1.337735041e-02 1.441331232e-02 1.548333397e-02
 1.651345870e-02 1.755823425e-02 1.859523038e-02 1.960080261e-02 2.064000747e-02
 2.162538625e-02 2.263617868e-02 2.361817225e-02 2.456849180e-02 2.553563516e-02
 2.642571479e-02 2.732207448e-02 2.814910230e-02 2.889216249e-02 2.960177035e-02
 3.015928577e-02 3.065931108e-02 3.102955718e-02 3.126647619e-02 3.146561345e-02
-1.763117590e-04-3.970986839e-04-7.024362093e-04-1.087847534e-03-1.547670584e-03
-2.075196302e-03-2.662762248e-03-3.298223052e-03-3.954954846e-03-4.572184325e-03
-5.186495443e-03-5.788598341e-03-6.365649479e-03-6.927438769e-03-7.320178950e-03
-7.622824637e-03-7.837931220e-03-7.956538539e-03-7.971276109e-03-7.878696095e-03
-7.676817203e-03-7.362753650e-03-6.936396097e-03-6.392741379e-03-5.722579755e-03
-4.920612651e-03-3.993323716e-03-2.960755125e-03-1.850517874e-03-6.891358708e-04
 5.027881207e-04 1.711002693e-03 2.926165075e-03 4.142276813e-03 5.355594696e-03
 6.563842394e-03 7.765733827e-03 8.960589283e-03 1.014803867e-02 1.132796703e-02
 1.250045490e-02 1.366572055e-02 1.482399689e-02 1.597547779e-02 1.712034487e-02
 1.825873073e-02 1.939081038e-02 2.051679343e-02 2.163696351e-02 2.275170108e-02
 2.386137726e-02 2.496629074e-02 2.606633090e-02 2.716051573e-02 2.824616958e-02
 2.931762320e-02 3.036432401e-02 3.136822982e-02 3.230137779e-02 3.312557072e-02
 3.379774675e-02 3.428292391e-02 3.456802082e-02 3.466439190e-02 3.460511806e-02
-2.245606430e-04-5.059951834e-04-8.955349616e-04-1.387619185e-03-1.974908885e-03
-2.648130332e-03-3.395891265e-03-4.202016227e-03-5.032779019e-03-5.886591905e-03
-6.718552719e-03-7.511081211e-03-8.265392884e-03-8.952515361e-03-9.528396352e-03
-9.958417462e-03-1.025103890e-02-1.040153301e-02-1.040622073e-02-1.026966199e-02
-1.000294119e-02-9.620144255e-03-9.139809602e-03-8.553497495e-03-7.792964300e-03
-6.779354550e-03-5.510411772e-03-4.068539598e-03-2.569357189e-03-1.070558539e-03
 4.085577023e-04 1.862461092e-03 3.290085892e-03 4.691991635e-03 6.069506226e-03
 7.424411966e-03 8.758763232e-03 1.007473228e-02 1.137447038e-02 1.265999301e-02
 1.393309386e-02 1.519528914e-02 1.644779722e-02 1.769156027e-02 1.892731002e-02
 2.015567410e-02 2.137731579e-02 2.259309756e-02 2.380425743e-02 2.501258664e-02
 2.622059483e-02 2.743164331e-02 2.865001125e-02 2.988082197e-02 3.112966714e-02
 3.240156110e-02 3.369839179e-02 3.501301368e-02 3.631613723e-02 3.753068056e-02
 3.850391845e-02 3.905409909e-02 3.913149454e-02 3.887266640e-02 3.845586316e-02
-2.831111258e-04-6.384691522e-04-1.131274187e-03-1.755289941e-03-2.502054503e-03
-3.360608475e-03-4.317215290e-03-5.351851047e-03-6.434610051e-03-7.552535079e-03
-8.669314556e-03-9.747887738e-03-1.076784025e-02-1.169152273e-02-1.247671474e-02
-1.308280609e-02-1.347694217e-02-1.363929476e-02-1.356781121e-02-1.328173539e-02
-1.281972550e-02-1.222163689e-02-1.160268823e-02-1.112142826e-02-1.055864503e-02
-9.269062073e-03-7.304315221e-03-4.980591094e-03-2.947070144e-03-1.078416304e-03
 6.877870580e-04 2.376706954e-03 4.001828519e-03 5.572248446e-03 7.095317351e-03
 8.577634983e-03 1.002536198e-02 1.144423155e-02 1.283943958e-02 1.421550597e-02
 1.557615956e-02 1.692427650e-02 1.826188957e-02 1.959027610e-02 2.091012495e-02
 2.222177583e-02 2.352551981e-02 2.482194723e-02 2.611233187e-02 2.739904689e-02
 2.868602194e-02 2.997927246e-02 3.128756549e-02 3.262333854e-02 3.400407325e-02
 3.545447339e-02 3.701005719e-02 3.872324957e-02 4.067416118e-02 4.299620635e-02
 4.618866637e-02 4.707170373e-02 4.527362830e-02 4.359501226e-02 4.234823899e-02
-3.525687685e-04-7.962946585e-04-1.413782345e-03-2.199142669e-03-3.143931446e-03
-4.236648596e-03-5.462205649e-03-6.797998501e-03-8.213598644e-03-9.690997432e-03
-1.119932776e-02-1.268665909e-02-1.412093371e-02-1.544939537e-02-1.659963558e-02
-1.748570875e-02-1.802129106e-02-1.814349896e-02-1.783634614e-02-1.713816935e-02
-1.612708304e-02-1.489673872e-02-1.353407442e-02-1.208128429e-02-1.048389860e-02
-8.654799110e-03-6.611715546e-03-4.469708804e-03-2.357006669e-03-3.239092434e-04
 1.616914393e-03 3.466682944e-03 5.231733209e-03 6.920709680e-03 8.543488907e-03
 1.011051861e-02 1.163224501e-02 1.311858065e-02 1.457843173e-02 1.601931320e-02
 1.744707660e-02 1.886577080e-02 2.027765045e-02 2.168333871e-02 2.308213925e-02
 2.447247919e-02 2.585245210e-02 2.722042297e-02 2.857565677e-02 2.991894352e-02
 3.125321518e-02 3.258418701e-02 3.392111082e-02 3.527781162e-02 3.667432117e-02
 3.813969386e-02 3.971717277e-02 4.147423991e-02 4.352369498e-02 4.607302370e-02
 4.941374209e-02 5.041328536e-02 4.830170043e-02 4.629713639e-02 4.489757398e-02
-4.311044376e-04-9.759878711e-04-1.738441972e-03-2.714979718e-03-3.899321671e-03
-5.281228413e-03-6.845581818e-03-8.571287637e-03-1.041200294e-02-1.235979435e-02
-1.438248433e-02-1.643807092e-02-1.849792952e-02-2.052514681e-02-2.241956021e-02
-2.398503869e-02-2.492976800e-02-2.498394499e-02-2.407806928e-02-2.239315611e-02
-2.022988982e-02-1.784164091e-02-1.537689738e-02-1.290225998e-02-1.043882207e-02
-7.992595438e-03-5.575105984e-03-3.209442325e-03-9.235520973e-04 1.259702748e-03
 3.327600043e-03 5.277625708e-03 7.115477097e-03 8.852711575e-03 1.050457595e-02
 1.208813233e-02 1.362070060e-02 1.511860670e-02 1.659620472e-02 1.806513771e-02
 1.953382029e-02 2.100715452e-02 2.248650932e-02 2.396999186e-02 2.545301362e-02
 2.692911463e-02 2.839096968e-02 2.983147036e-02 3.124476390e-02 3.262713659e-02
 3.397765754e-02 3.529854264e-02 3.659524345e-02 3.787628571e-02 3.915283576e-02
 4.043778705e-02 4.174365083e-02 4.307719899e-02 4.442514806e-02 4.571572320e-02
 4.673985582e-02 4.718460287e-02 4.700394863e-02 4.646942674e-02 4.580592332e-02
-5.119731448e-04-1.163336425e-03-2.082707312e-03-3.273410463e-03-4.736504175e-03
-6.467931444e-03-8.454828518e-03-1.066820560e-02-1.306137573e-02-1.559251706e-02
-1.821522189e-02-2.090341989e-02-2.368699623e-02-2.671275929e-02-3.021535513e-02
-3.409295832e-02-3.731143681e-02-3.744111726e-02-3.425059421e-02-2.926322511e-02
-2.457925160e-02-2.040500741e-02-1.662121929e-02-1.312425686e-02-9.848380877e-03
-6.758550989e-03-3.842240866e-03-1.101660191e-03 1.454315296e-03 3.817859855e-03
 5.988074063e-03 7.973904729e-03 9.794028787e-03 1.147455870e-02 1.304581950e-02
 1.453925729e-02 1.598502694e-02 1.741030797e-02 1.883811862e-02 2.028637060e-02
 2.176704711e-02 2.328557610e-02 2.484059667e-02 2.642431666e-02 2.802354747e-02
 2.962134886e-02 3.119909144e-02 3.273867106e-02 3.422456969e-02 3.564544725e-02
 3.699499436e-02 3.827190225e-02 3.947898050e-02 4.062158649e-02 4.170553701e-02
 4.273453598e-02 4.370695167e-02 4.461171901e-02 4.542372909e-02 4.610124841e-02
 4.659170263e-02 4.685389286e-02 4.689351741e-02 4.679077005e-02 4.658786085e-02
-5.798075684e-04-1.324289915e-03-2.388481664e-03-3.790695821e-03-5.551403306e-03
-7.688736296e-03-1.021060637e-02-1.309826165e-02-1.628037094e-02-1.963908292e-02
-2.297683653e-02-2.610422031e-02-2.894459398e-02-3.175912965e-02-3.507572302e-02
-3.951398059e-02-4.408920235e-02-4.385759776e-02-3.879110607e-02-3.116452305e-02
-2.524836141e-02-2.022465327e-02-1.573700375e-02-1.160400273e-02-7.736438097e-03
-4.101289746e-03-7.031113691e-04 2.430431313e-03 5.264370783e-03 7.773344686e-03
 9.955000728e-03 1.183479460e-02 1.346108165e-02 1.489449972e-02 1.619746884e-02
 1.742748152e-02 1.863453468e-02 1.986105717e-02 2.114234863e-02 2.250614698e-02
 2.397092218e-02 2.554351678e-02 2.721739304e-02 2.897261333e-02 3.077789397e-02
 3.259427523e-02 3.437968969e-02 3.609388570e-02 3.770322215e-02 3.918453902e-02
 4.052704038e-02 4.173149698e-02 4.280707376e-02 4.376698683e-02 4.462433415e-02
 4.538890519e-02 4.606515014e-02 4.665123321e-02 4.713924237e-02 4.751690048e-02
 4.777095190e-02 4.788478060e-02 4.795100786e-02 4.791586264e-02 4.778385943e-02
-6.088394979e-04-1.397824820e-03-2.541788177e-03-4.082488727e-03-6.077711145e-03
-8.598758239e-03-1.172555722e-02-1.554117876e-02-2.010798567e-02-2.539727116e-02
-3.070461432e-02-3.452437514e-02-3.610047667e-02-3.584733275e-02-3.521022481e-02
-3.457022023e-02-3.356796231e-02-3.171692386e-02-2.882326004e-02-2.510518607e-02
-2.095848206e-02-1.666437374e-02-1.234609586e-02-8.045849247e-03-3.787786574e-03
 3.838983810e-04 4.381122049e-03 8.065313342e-03 1.127345433e-02 1.387978552e-02
 1.585774955e-02 1.729363876e-02 1.834150987e-02 1.916012277e-02 1.987562717e-02
 2.057666957e-02 2.132573516e-02 2.217297247e-02 2.316591818e-02 2.435166062e-02
 2.576989190e-02 2.743975054e-02 2.934867930e-02 3.145070780e-02 3.367426474e-02
 3.593328737e-02 3.813639305e-02 4.019522266e-02 4.203589559e-02 4.361280717e-02
 4.491723704e-02 4.597348921e-02 4.682415966e-02 4.751386335e-02 4.807906526e-02
 4.854491948e-02 4.892621951e-02 4.922977584e-02 4.945693501e-02 4.960591322e-02
 4.967395720e-02 4.966160006e-02 4.963002227e-02 4.954468582e-02 4.937998081e-02
-5.744988662e-04-1.317216928e-03-2.394104850e-03-3.858238756e-03-5.818998756e-03
-8.453609517e-03-1.191025420e-02-1.631567127e-02-2.198111422e-02-2.965925338e-02
-3.913319703e-02-4.423118019e-02-4.373095375e-02-3.790183313e-02-3.384237058e-02
-3.086302059e-02-2.825658139e-02-2.561894017e-02-2.273184489e-02-1.950993612e-02
-1.594956998e-02-1.207641183e-02-7.909368000e-03-3.447491460e-03 1.323874108e-03
 6.404981969e-03 1.170614271e-02 1.688219773e-02 2.120217729e-02 2.395097646e-02
 2.498127175e-02 2.489498358e-02 2.439800896e-02 2.394545196e-02 2.365181131e-02
 2.354195039e-02 2.361631705e-02 2.385570207e-02 2.432087392e-02 2.510533475e-02
 2.637007591e-02 2.822919845e-02 3.065863954e-02 3.352735846e-02 3.663689885e-02
 3.981846975e-02 4.290777578e-02 4.570792087e-02 4.801357543e-02 4.968368483e-02
 5.074453683e-02 5.135882897e-02 5.170997430e-02 5.192405798e-02 5.206198841e-02
 5.215210140e-02 5.220301817e-02 5.221612278e-02 5.219068556e-02 5.212322024e-02
 5.201192104e-02 5.185905160e-02 5.170866431e-02 5.152961683e-02 5.131416104e-02
-4.899537632e-04-1.107315340e-03-1.962939918e-03-3.026668327e-03-4.301471009e-03
-6.631118447e-03-1.021070762e-02-1.418078214e-02-1.850176219e-02-2.317374669e-02
-2.754723350e-02-3.033616886e-02-3.084521499e-02-2.948043532e-02-2.741522761e-02
-2.519666744e-02-2.289347148e-02-2.045059306e-02-1.779661486e-02-1.487203358e-02
-1.163077466e-02-8.030238056e-03-4.015950278e-03 4.983510552e-04 5.661320118e-03
 1.174575270e-02 1.930760578e-02 2.972631287e-02 3.984293843e-02 4.314126033e-02
 3.920340464e-02 3.298073527e-02 2.964389063e-02 2.768246597e-02 2.648748817e-02
 2.573897326e-02 2.522482593e-02 2.476696015e-02 2.419184614e-02 2.347184957e-02
 2.378906371e-02 2.603509271e-02 3.006021878e-02 3.495352589e-02 3.974537545e-02
 4.451669085e-02 4.944423095e-02 5.437171899e-02 5.809234709e-02 5.960754666e-02
 5.898334476e-02 5.797111566e-02 5.724503790e-02 5.673384043e-02 5.634790102e-02
 5.603109957e-02 5.574877673e-02 5.547768891e-02 5.520955191e-02 5.493229400e-02
 5.464778475e-02 5.435873388e-02 5.406629087e-02 5.375269420e-02 5.340147107e-02
-4.103989954e-04-9.224741750e-04-1.623919399e-03-2.490943718e-03-3.589003428e-03
-5.874832735e-03-9.311333500e-03-1.211551836e-02-1.461709617e-02-1.693679213e-02
-1.891023125e-02-2.032108914e-02-2.100398529e-02-2.095064254e-02-2.027581309e-02
-1.912199362e-02-1.759312171e-02-1.574300370e-02-1.358889430e-02-1.112622135e-02
-8.337170639e-03-5.193139102e-03-1.652634470e-03 2.343924479e-03 6.880648429e-03
 1.206658146e-02 1.799103309e-02 2.442569293e-02 2.992595826e-02 3.269448240e-02
 3.244671431e-02 3.067188841e-02 2.902530529e-02 2.787865875e-02 2.716619011e-02
 2.675525916e-02 2.650168528e-02 2.623532195e-02 2.571319284e-02 2.457090377e-02
 2.452499009e-02 2.705305290e-02 3.228776741e-02 3.817576032e-02 4.356996583e-02
 4.886588036e-02 5.444905539e-02 6.072562374e-02 6.496146637e-02 6.620845226e-02
 6.448244255e-02 6.287921058e-02 6.181885855e-02 6.103792120e-02 6.040230446e-02
 5.984426746e-02 5.932908859e-02 5.883866130e-02 5.836337462e-02 5.789801265e-02
 5.743958382e-02 5.698588410e-02 5.653435507e-02 5.608200731e-02 5.563223312e-02
-3.542964080e-04-8.027022698e-04-1.432922953e-03-2.250419815e-03-3.370525409e-03
-5.861965993e-03-9.649694390e-03-1.108969681e-02-1.219984152e-02-1.328759318e-02
-1.425659777e-02-1.498748761e-02-1.539496313e-02-1.543356730e-02-1.509489171e-02
-1.439435365e-02-1.335584747e-02-1.200095524e-02-1.034425079e-02-8.392885605e-03
-6.148237298e-03-3.608446634e-03-7.719667200e-04 2.356443101e-03 5.754309055e-03
 9.360182215e-03 1.304017548e-02 1.655658092e-02 1.958366928e-02 2.194140899e-02
 2.356067938e-02 2.454377443e-02 2.517411231e-02 2.568961679e-02 2.623671778e-02
 2.688808800e-02 2.767682451e-02 2.862998861e-02 2.980840278e-02 3.135397809e-02
 3.348674338e-02 3.637257427e-02 3.998046694e-02 4.408222186e-02 4.839210664e-02
 5.267556729e-02 5.671725490e-02 6.024592880e-02 6.295110974e-02 6.464562930e-02
 6.540077620e-02 6.548823600e-02 6.518910434e-02 6.468668036e-02 6.408148608e-02
 6.342834165e-02 6.275837491e-02 6.208958160e-02 6.143204595e-02 6.079081926e-02
 6.016766991e-02 5.956221311e-02 5.897269368e-02 5.839669086e-02 5.783773016e-02
-3.003416014e-04-6.844923222e-04-1.231352047e-03-1.949789254e-03-2.956531170e-03
-5.289961528e-03-8.756288558e-03-9.739191431e-03-1.028065963e-02-1.082536946e-02
-1.130844019e-02-1.167244947e-02-1.186713054e-02-1.185402221e-02-1.160789297e-02
-1.111519523e-02-1.037087365e-02-9.375027402e-03-8.130465537e-03-6.641564021e-03
-4.914421609e-03-2.958207526e-03-7.876758551e-04 1.573113618e-03 4.086043456e-03
 6.694175258e-03 9.319719838e-03 1.186945901e-02 1.425146368e-02 1.638925818e-02
 1.833800185e-02 2.008482653e-02 2.167782339e-02 2.320641557e-02 2.475301438e-02
 2.639307406e-02 2.819468996e-02 3.022188734e-02 3.253840377e-02 3.520612479e-02
 3.827335977e-02 4.175400515e-02 4.560564182e-02 4.971935403e-02 5.392495500e-02
 5.800634799e-02 6.172537408e-02 6.485743881e-02 6.723565605e-02 6.878994827e-02
 6.956276791e-02 6.968872669e-02 6.934530336e-02 6.870203504e-02 6.789183762e-02
 6.700603006e-02 6.610167409e-02 6.521154665e-02 6.435255090e-02 6.353172525e-02
 6.275022172e-02 6.200584458e-02 6.129464169e-02 6.061165770e-02 5.993864889e-02
-2.330352980e-04-5.336152814e-04-9.656523662e-04-1.538937403e-03-2.366682561e-03
-4.483200451e-03-7.749573886e-03-8.406798495e-03-8.673061784e-03-8.944001350e-03
-9.192490535e-03-9.383649156e-03-9.483054337e-03-9.459919546e-03-9.288885906e-03
-8.950604261e-03-8.431450004e-03-7.722817330e-03-6.820401341e-03-5.723753437e-03
-4.436255135e-03-2.965533723e-03-1.324235365e-03 4.690540971e-04 2.389125112e-03
 4.404292790e-03 6.478107512e-03 8.573187190e-03 1.065707295e-02 1.270878452e-02
 1.472145979e-02 1.670865113e-02 1.873863370e-02 2.081668532e-02 2.298730754e-02
 2.528546140e-02 2.780882806e-02 3.060938984e-02 3.374911820e-02 3.727188600e-02
 4.117595406e-02 4.548629469e-02 5.019890476e-02 5.525776730e-02 6.051728284e-02
 6.568146868e-02 7.029687241e-02 7.392237045e-02 7.628968960e-02 7.733012955e-02
 7.718916729e-02 7.622717645e-02 7.486277068e-02 7.337878678e-02 7.191534202e-02
 7.053226717e-02 6.925033706e-02 6.807171862e-02 6.698990108e-02 6.599463740e-02
 6.507444620e-02 6.421787717e-02 6.341414884e-02 6.265375817e-02 6.194049084e-02
-1.455679722e-04-3.368494329e-04-6.190071217e-04-1.007263897e-03-1.622823619e-03
-3.514646829e-03-6.521377100e-03-7.043812635e-03-7.149139404e-03-7.304418636e-03
-7.480295223e-03-7.644275617e-03-7.764715442e-03-7.813001789e-03-7.764516282e-03
-7.598927726e-03-7.300132442e-03-6.856029750e-03-6.258261491e-03-5.502004999e-03
-4.585863300e-03-3.511844428e-03-2.285367213e-03-9.151764410e-04 5.869936647e-04
 2.207183054e-03 3.930528284e-03 5.743150035e-03 7.634414201e-03 9.599182860e-03
 1.163960465e-02 1.376595673e-02 1.599743666e-02 1.836883797e-02 2.091152098e-02
 2.365409319e-02 2.665924505e-02 2.998123956e-02 3.367780657e-02 3.780422254e-02
 4.240881426e-02 4.756921072e-02 5.338557167e-02 5.998892319e-02 6.757852380e-02
 7.669317576e-02 8.496003391e-02 9.054684426e-02 9.316105953e-02 9.262423255e-02
 8.900409077e-02 8.406117617e-02 8.046617371e-02 7.762191155e-02 7.530469001e-02
 7.337561962e-02 7.173940327e-02 7.032802267e-02 6.909146534e-02 6.799198548e-02
 6.700041131e-02 6.609367408e-02 6.525306794e-02 6.446281479e-02 6.370089540e-02
-3.375701239e-05-8.169166314e-05-1.605820933e-04-2.877480874e-04-6.015285050e-04
-2.190327320e-03-4.967760655e-03-5.330652020e-03-5.428755656e-03-5.645712020e-03
-5.919167419e-03-6.204047904e-03-6.466614333e-03-6.679999138e-03-6.821941804e-03
-6.873707149e-03-6.819551337e-03-6.646431418e-03-6.343829598e-03-5.903635107e-03
-5.320052820e-03-4.589513815e-03-3.710548556e-03-2.683570922e-03-1.510517955e-03
-1.943006244e-04 1.261951195e-03 2.855822676e-03 4.586651015e-03 6.456553474e-03
 8.471332734e-03 1.064118204e-02 1.298111713e-02 1.551099308e-02 1.825533852e-02
 2.124393825e-02 2.451283712e-02 2.810503140e-02 3.207243974e-02 3.648047577e-02
 4.141534296e-02 4.699224225e-02 5.336606253e-02 6.075838984e-02 6.950674067e-02
 8.001314887e-02 8.942749697e-02 9.538216724e-02 9.793104822e-02 9.699134928e-02
 9.243518700e-02 8.657190734e-02 8.229913174e-02 7.910135515e-02 7.661714507e-02
 7.462608125e-02 7.298667928e-02 7.160401912e-02 7.041208425e-02 6.936359427e-02
 6.842386880e-02 6.756694672e-02 6.677295822e-02 6.602584471e-02 6.531073445e-02
 9.439977253e-05 2.171075052e-04 3.957858407e-04 6.378767802e-04 8.570681570e-04
 5.528652351e-05-1.760236100e-03-2.664328567e-03-3.288753757e-03-3.883590959e-03
-4.461205955e-03-5.013083441e-03-5.526807933e-03-5.988720583e-03-6.384875450e-03
-6.701542402e-03-6.925521414e-03-7.044358249e-03-7.046487802e-03-6.921350223e-03
-6.659465482e-03-6.252490069e-03-5.693241709e-03-4.975661237e-03-4.094687542e-03
-3.046032305e-03-1.825853866e-03-4.303441284e-04 1.144742085e-03 2.904571485e-03
 4.855675139e-03 7.006295828e-03 9.366636003e-03 1.194900455e-02 1.476790889e-02
 1.784014842e-02 2.118497833e-02 2.482452246e-02 2.878507611e-02 3.310176363e-02
 3.783934590e-02 4.316151772e-02 4.918594100e-02 5.591123816e-02 6.340119918e-02
 7.167765882e-02 7.922251742e-02 8.428534251e-02 8.663969467e-02 8.599867111e-02
 8.353111228e-02 8.111304895e-02 7.889862785e-02 7.699778028e-02 7.538980664e-02
 7.402621938e-02 7.285674849e-02 7.183768672e-02 7.093347610e-02 7.011611389e-02
 6.936401059e-02 6.866088564e-02 6.799493058e-02 6.735839447e-02 6.674991438e-02
 2.110114416e-04 4.887895008e-04 9.008122522e-04 1.474838876e-03 2.152516108e-03
 1.980822178e-03 7.782855330e-04-4.367250310e-04-1.490496084e-03-2.464199829e-03
-3.373317070e-03-4.229449509e-03-5.034889757e-03-5.785811219e-03-6.474606943e-03
-7.091324750e-03-7.624541829e-03-8.061908396e-03-8.390446880e-03-8.596990011e-03
-8.668253571e-03-8.591128098e-03-8.353028619e-03-7.942160638e-03-7.347696823e-03
-6.559874128e-03-5.570014600e-03-4.370466622e-03-2.954453343e-03-1.315845479e-03
 5.510534662e-04 2.651592986e-03 4.990855045e-03 7.573663974e-03 1.040439393e-02
 1.348652688e-02 1.682178090e-02 2.040839801e-02 2.423751398e-02 2.828442943e-02
 3.248105241e-02 3.696799343e-02 4.237647608e-02 4.803442466e-02 5.373144287e-02
 5.918623955e-02 6.405165518e-02 6.799690913e-02 7.083074394e-02 7.256290737e-02
 7.339684490e-02 7.362453825e-02 7.349793998e-02 7.318447440e-02 7.278120082e-02
 7.233909789e-02 7.188204915e-02 7.141928821e-02 7.095283846e-02 7.048169320e-02
 7.000403651e-02 6.951833763e-02 6.902380482e-02 6.852036616e-02 6.800337571e-02
 2.911139942e-04 6.706393729e-04 1.224671854e-03 1.976022268e-03 2.851016648e-03
 2.861189298e-03 1.770689673e-03 5.642777154e-04-6.095541652e-04-1.767325155e-03
-2.904995159e-03-4.017565631e-03-5.099649395e-03-6.144290465e-03-7.142607784e-03
-8.083815963e-03-8.955311735e-03-9.743354662e-03-1.043209441e-02-1.100403767e-02
-1.144060777e-02-1.172272724e-02-1.183142176e-02-1.174841881e-02-1.145671542e-02
-1.094108742e-02-1.018850646e-02-9.188420946e-03-7.932839843e-03-6.415874442e-03
-4.633016788e-03-2.582209517e-03-2.635095521e-04 2.321211108e-03 5.168062615e-03
 8.270773556e-03 1.162020466e-02 1.520357567e-02 1.900375488e-02 2.299926812e-02
 2.716470283e-02 3.145466457e-02 3.567285121e-02 4.060871690e-02 4.563954856e-02
 5.031029943e-02 5.456977112e-02 5.832343834e-02 6.150391823e-02 6.409457755e-02
 6.613078181e-02 6.768400030e-02 6.883925438e-02 6.967699083e-02 7.026400827e-02
 7.065175308e-02 7.087842589e-02 7.097222964e-02 7.095439969e-02 7.084154003e-02
 7.064723213e-02 7.038305072e-02 7.005915387e-02 6.968467144e-02 6.927142477e-02
 3.319403451e-04 7.603743759e-04 1.376996287e-03 2.196929483e-03 3.140495419e-03
 3.203929087e-03 2.098644258e-03 8.585708500e-04-4.066482894e-04-1.711751252e-03
-3.043816730e-03-4.391196284e-03-5.742908087e-03-7.087770421e-03-8.413725617e-03
-9.707582796e-03-1.095468120e-02-1.213703441e-02-1.323363812e-02-1.422095598e-02
-1.507355447e-02-1.576485692e-02-1.626798724e-02-1.655666854e-02-1.660613753e-02
-1.639403295e-02-1.590121279e-02-1.511245055e-02-1.401695517e-02-1.260865196e-02
-1.088622496e-02-8.852962506e-03-6.516022876e-03-3.882830800e-03-9.637278852e-04
 2.227691638e-03 5.675311843e-03 9.360163522e-03 1.326033747e-02 1.735091686e-02
 2.160439575e-02 2.599237822e-02 3.048697982e-02 3.504748611e-02 3.959362576e-02
 4.401711041e-02 4.821765752e-02 5.211617453e-02 5.565589498e-02 5.880293682e-02
 6.154546247e-02 6.389026979e-02 6.585755817e-02 6.747546976e-02 6.877568946e-02
 6.979056806e-02 7.055156709e-02 7.108855974e-02 7.142956021e-02 7.160061048e-02
 7.162570160e-02 7.152670068e-02 7.132329507e-02 7.103293532e-02 7.066957285e-02
 3.426676294e-04 7.820097565e-04 1.408768226e-03 2.232721440e-03 3.160771135e-03
 3.180222733e-03 2.041048121e-03 7.253425695e-04-6.674935569e-04-2.140973071e-03
-3.681977543e-03-5.278139966e-03-6.917134626e-03-8.586208899e-03-1.027215260e-02
-1.196018640e-02-1.363121316e-02-1.526180656e-02-1.682449522e-02-1.828829352e-02
-1.961945909e-02-2.078244047e-02-2.174096818e-02-2.245923771e-02-2.290313333e-02
-2.304144450e-02-2.284703113e-02-2.229789433e-02-2.137810535e-02-2.007853616e-02
-1.839731942e-02-1.633993552e-02-1.391880142e-02-1.115221580e-02-8.063142286e-03
-4.676619724e-03-1.013068352e-03 2.903124145e-03 7.045456258e-03 1.138499871e-02
 1.588987451e-02 2.052423989e-02 2.524663035e-02 3.000778667e-02 3.474968506e-02
 3.940766811e-02 4.391517874e-02 4.820874449e-02 5.223178091e-02 5.593716097e-02
 5.928883571e-02 6.226267339e-02 6.484661531e-02 6.704023486e-02 6.885376479e-02
 7.030663695e-02 7.142559983e-02 7.224254519e-02 7.279224702e-02 7.311024573e-02
 7.323107572e-02 7.318695302e-02 7.300694432e-02 7.271654350e-02 7.233725946e-02
 3.329520210e-04 7.580522427e-04 1.361225724e-03 2.148810028e-03 3.027708846e-03
 2.982238242e-03 1.735230353e-03 2.983917957e-04-1.259279187e-03-2.933217956e-03
-4.713033395e-03-6.587899814e-03-8.546522117e-03-1.057734614e-02-1.266755085e-02
-1.479892015e-02-1.694752830e-02-1.908377683e-02-2.117275734e-02-2.317494337e-02
-2.504717426e-02-2.674387093e-02-2.821840850e-02-2.942456895e-02-3.031800647e-02
-3.085767761e-02-3.100720838e-02-3.073618541e-02-3.002135917e-02-2.884773075e-02
-2.720946012e-02-2.511048903e-02-2.256472285e-02-1.959560179e-02-1.623486689e-02
-1.252033226e-02-8.492605495e-03-4.191741429e-03 3.541421313e-04 5.114257659e-03
 1.005587872e-02 1.514353079e-02 2.033775955e-02 2.559415136e-02 3.086264816e-02
 3.608743804e-02 4.120748001e-02 4.615763904e-02 5.087048702e-02 5.527896584e-02
 5.932008822e-02 6.293955405e-02 6.609667120e-02 6.876854708e-02 7.095243532e-02
 7.266549150e-02 7.394188835e-02 7.482797914e-02 7.537666899e-02 7.564217725e-02
 7.567600357e-02 7.552438711e-02 7.522712333e-02 7.481745777e-02 7.432584879e-02
 3.099405911e-04 7.045256250e-04 1.262377256e-03 1.987449231e-03 2.782576172e-03
 2.628274855e-03 1.252300858e-03-3.356685927e-04-2.087801860e-03-3.992538302e-03
-6.042099450e-03-8.228353233e-03-1.054264232e-02-1.297640523e-02-1.551471003e-02
-1.813554948e-02-2.080955305e-02-2.350011325e-02-2.616396187e-02-2.875216935e-02
-3.121149488e-02-3.348597652e-02-3.551863242e-02-3.725315120e-02-3.863548104e-02
-3.961527464e-02-4.014719856e-02-4.019215641e-02-3.971849267e-02-3.870322880e-02
-3.713333229e-02-3.500693713e-02-3.233433596e-02-2.913846651e-02-2.545456305e-02
-2.132863009e-02-1.681450235e-02-1.196934780e-02-6.847576128e-03-1.490690399e-03
 4.073709170e-03 9.816388678e-03 1.570577034e-02 2.170615494e-02 2.777576811e-02
 3.386435885e-02 3.991045369e-02 4.583863841e-02 5.155784476e-02 5.696238156e-02
 6.193779589e-02 6.637263241e-02 7.017446745e-02 7.328570697e-02 7.569379742e-02
 7.743226845e-02 7.857225309e-02 7.920752421e-02 7.943824755e-02 7.935821405e-02
 7.904765641e-02 7.857103229e-02 7.797792890e-02 7.730527622e-02 7.657459123e-02
 2.786464351e-04 6.325662984e-04 1.131512221e-03 1.777679739e-03 2.469003338e-03
 2.183469353e-03 6.735828431e-04-1.106592979e-03-3.075972960e-03-5.234917520e-03
-7.579082133e-03-1.010374593e-02-1.280522131e-02-1.567406499e-02-1.869259020e-02
-2.183413858e-02-2.506285038e-02-2.833402770e-02-3.159509989e-02-3.478712513e-02
-3.784668453e-02-4.070797110e-02-4.330485989e-02-4.557277335e-02-4.745022328e-02
-4.888000166e-02-4.981008643e-02-5.019440478e-02-4.999363704e-02-4.917623881e-02
-4.771979978e-02-4.561274688e-02-4.285624287e-02-3.946595304e-02-3.547318199e-02
-3.092477985e-02-2.588122106e-02-2.041243042e-02-1.459120012e-02-8.484251116e-03
-2.142337606e-03 4.418195769e-03 1.118161671e-02 1.813071518e-02 2.524384749e-02
 3.249045320e-02 3.982393357e-02 4.717087595e-02 5.441646061e-02 6.138961784e-02
 6.785980343e-02 7.356325997e-02 7.826135356e-02 8.180375840e-02 8.416692314e-02
 8.545759855e-02 8.587971208e-02 8.567340424e-02 8.505596280e-02 8.419247999e-02
 8.319530038e-02 8.213588568e-02 8.105762735e-02 7.998583048e-02 7.893767643e-02
 2.427437321e-04 5.503445553e-04 9.827956705e-04 1.540867960e-03 2.127710669e-03
 1.719182133e-03 1.295859793e-05-1.954075125e-03-4.153704897e-03-6.580674109e-03
-9.234051812e-03-1.211449513e-02-1.521959255e-02-1.853799287e-02-2.204807825e-02
-2.571720270e-02-2.950166247e-02-3.334748035e-02-3.719198336e-02-4.096602816e-02
-4.459661873e-02-4.800959475e-02-5.113206813e-02-5.389435202e-02-5.623124564e-02
-5.808268298e-02-5.939389142e-02-6.011531381e-02-6.020260804e-02-5.961704274e-02
-5.832655385e-02-5.630760827e-02-5.354783674e-02-5.004915164e-02-4.583078222e-02
-4.093139267e-02-3.540928489e-02-2.933971560e-02-2.280864564e-02-1.590277894e-02
-8.696180161e-03-1.233925844e-03 6.490974531e-03 1.449252950e-02 2.278950128e-02
 3.140356867e-02 4.035441520e-02 4.964747622e-02 5.924371777e-02 6.898313907e-02
 7.841633143e-02 8.670776166e-02 9.305278344e-02 9.702937177e-02 9.858996355e-02
 9.809636632e-02 9.631074612e-02 9.403648284e-02 9.171665622e-02 8.952136775e-02
 8.750196429e-02 8.566239952e-02 8.398843503e-02 8.246000761e-02 8.105659137e-02
 2.051596757e-04 4.644244459e-04 8.277529617e-04 1.294620174e-03 1.759789558e-03
 1.197214280e-03-6.503927777e-04-2.823218453e-03-5.255833170e-03-7.952800490e-03
-1.091721764e-02-1.415404651e-02-1.765978255e-02-2.141992841e-02-2.540752796e-02
-2.958250991e-02-3.389203383e-02-3.827191654e-02-4.264904984e-02-4.694454337e-02
-5.107718518e-02-5.496674938e-02-5.853671674e-02-6.171610116e-02-6.444025998e-02
-6.665076375e-02-6.829457123e-02-6.932287560e-02-6.969004872e-02-6.935311784e-02
-6.827216503e-02-6.641194180e-02-6.374482253e-02-6.025496358e-02-5.594318054e-02
-5.083163654e-02-4.496703529e-02-3.842078508e-02-3.128469872e-02-2.366129028e-02
-1.564855796e-02-7.319881402e-03 1.304422202e-03 1.027085583e-02 1.964429313e-02
 2.951558042e-02 4.001287384e-02 5.132009997e-02 6.371059279e-02 7.762642828e-02
 9.399407185e-02 1.083259069e-01 1.179330828e-01 1.222664017e-01 1.211537538e-01
 1.154848147e-01 1.075977952e-01 1.018066388e-01 9.729464814e-02 9.366938144e-02
 9.068777858e-02 8.818500813e-02 8.604465259e-02 8.418241557e-02 8.253438643e-02
 1.683825946e-04 3.804307796e-04 6.763702254e-04 1.054563528e-03 1.409762662e-03
 7.150344289e-04-1.299131140e-03-3.664624604e-03-6.320630689e-03-9.275909820e-03
-1.253872436e-02-1.611438619e-02-1.999726063e-02-2.416851811e-02-2.859464793e-02
-3.322705936e-02-3.800299508e-02-4.284779807e-02-4.767833783e-02-5.240717003e-02
-5.694684473e-02-6.121374192e-02-6.513091255e-02-6.862960968e-02-7.164944736e-02
-7.413736434e-02-7.604574870e-02-7.733018540e-02-7.794732789e-02-7.785338993e-02
-7.700371885e-02-7.535384776e-02-7.286230863e-02-6.949528064e-02-6.523280309e-02
-6.007578343e-02-5.405242939e-02-4.722218683e-02-3.967502135e-02-3.152419078e-02
-2.289156665e-02-1.388580198e-02-4.574572364e-03 5.059388580e-03 1.509494046e-02
 2.564293956e-02 3.686281045e-02 4.899046558e-02 6.238651239e-02 7.762070056e-02
 9.597543705e-02 1.106536186e-01 1.246037171e-01 1.274930824e-01 1.256183226e-01
 1.189652686e-01 1.098069318e-01 1.032606466e-01 9.830345783e-02 9.442965581e-02
 9.131401920e-02 8.874277004e-02 8.657126698e-02 8.469896090e-02 8.305798367e-02
 1.345689601e-04 3.032555570e-04 5.373783952e-04 8.343496467e-04 1.091310573e-03
 2.787226609e-04-1.903370608e-03-4.433449068e-03-7.292249005e-03-1.048204325e-02
-1.401457653e-02-1.789403931e-02-2.211173275e-02-2.664363702e-02-3.144900089e-02
-3.647033032e-02-4.163500501e-02-4.685849615e-02-5.204885172e-02-5.711184059e-02
-6.195599138e-02-6.649677788e-02-7.065938586e-02-7.437978673e-02-7.760415670e-02
-8.028693900e-02-8.238801137e-02-8.386948969e-02-8.469270051e-02-8.481582666e-02
-8.419269843e-02-8.277317411e-02-8.050550333e-02-7.734094275e-02-7.324062202e-02
-6.818417502e-02-6.217894718e-02-5.526778235e-02-4.753275948e-02-3.909218626e-02
-3.008897827e-02-2.067019735e-02-1.095937121e-02-1.024149062e-03 9.166447682e-03
 1.967270243e-02 3.056807204e-02 4.193797155e-02 5.386971972e-02 6.640574793e-02
 7.920190285e-02 9.034745087e-02 9.910886521e-02 1.043800776e-01 1.057631545e-01
 1.038429266e-01 1.002378472e-01 9.681356643e-02 9.384212325e-02 9.128997916e-02
 8.908831708e-02 8.716964695e-02 8.547617680e-02 8.396088475e-02 8.258156081e-02
 1.055558802e-04 2.370721394e-04 4.182466607e-04 6.456844572e-04 8.099658446e-04
-1.201405716e-04-2.399713578e-03-5.089467210e-03-8.121111334e-03-1.151014207e-02
-1.527038743e-02-1.940433704e-02-2.389979943e-02-2.872737745e-02-3.383921898e-02
-3.916946811e-02-4.463662814e-02-5.014771844e-02-5.560373697e-02-6.090564000e-02
-6.595991886e-02-7.068293911e-02-7.500347859e-02-7.886326799e-02-8.221569167e-02
-8.502306520e-02-8.725303857e-02-8.887469695e-02-8.985489045e-02-9.015527023e-02
-8.973047521e-02-8.852791188e-02-8.648957657e-02-8.355632926e-02-7.967485416e-02
-7.480713430e-02-6.894156166e-02-6.210384922e-02-5.436495832e-02-4.584277189e-02
-3.669475755e-02-2.710061623e-02-1.723649557e-02-7.244721075e-03 2.801317756e-03
 1.290127781e-02 2.303892247e-02 3.316787791e-02 4.318709829e-02 5.290515698e-02
 6.201156855e-02 7.010810526e-02 7.681356373e-02 8.186622322e-02 8.520524847e-02
 8.700941840e-02 8.764366902e-02 8.751867251e-02 8.695916310e-02 8.617125522e-02
 8.527231326e-02 8.432591371e-02 8.336538649e-02 8.240760275e-02 8.146318692e-02
 8.283625073e-05 1.852698841e-04 3.250442961e-04 4.982084118e-04 6.002025477e-04
-4.003212897e-04-2.803124169e-03-5.600922256e-03-8.765920827e-03-1.230964993e-02
-1.624549155e-02-2.057419171e-02-2.528031405e-02-3.032969843e-02-3.566842049e-02
-4.122370111e-02-4.690694715e-02-5.261871146e-02-5.825494241e-02-6.371358286e-02
-6.890048286e-02-7.373374538e-02-7.814597265e-02-8.208430598e-02-8.550852743e-02
-8.838773765e-02-9.069621968e-02-9.240907939e-02-9.349817601e-02-9.392878141e-02
-9.365737043e-02-9.263096035e-02-9.078846439e-02-8.806454826e-02-8.439638968e-02
-7.973342010e-02-7.404947121e-02-6.735574289e-02-5.971184849e-02-5.123134983e-02
-4.207832415e-02-3.245308984e-02-2.256807966e-02-1.261792198e-02-2.749610035e-03
 6.976716955e-03 1.651676430e-02 2.580257444e-02 3.473746576e-02 4.319425430e-02
 5.102127791e-02 5.805972489e-02 6.417052813e-02 6.926314696e-02 7.331655711e-02
 7.638438822e-02 7.858105369e-02 8.005404974e-02 8.095446337e-02 8.141656477e-02
 8.154944862e-02 8.143721117e-02 8.114294460e-02 8.071349502e-02 8.018485920e-02
 6.753110040e-05 1.503828710e-04 2.622903638e-04 3.989141842e-04 4.514371857e-04
-6.117204523e-04-3.066138444e-03-5.943508011e-03-9.197384511e-03-1.284379246e-02
-1.689567679e-02-2.135236114e-02-2.619594761e-02-3.138879594e-02-3.687266350e-02
-4.256996882e-02-4.838732981e-02-5.422108905e-02-5.996409116e-02-6.551266747e-02
-7.077272085e-02-7.566401246e-02-8.012215532e-02-8.409828015e-02-8.755672328e-02
-9.047131600e-02-9.282092146e-02-9.458481465e-02-9.573839985e-02-9.624967086e-02
-9.607678107e-02-9.516711549e-02-9.345832725e-02-9.088186466e-02-8.736948174e-02
-8.286297024e-02-7.732674659e-02-7.076191800e-02-6.321918227e-02-5.480683548e-02
-4.568998130e-02-3.607839160e-02-2.620337097e-02-1.628743871e-02-6.512977972e-03
 3.012830031e-03 1.224587021e-02 2.112731133e-02 2.958462964e-02 3.753483348e-02
 4.489053155e-02 5.156877462e-02 5.750150135e-02 6.264541019e-02 6.698873192e-02
 7.055298282e-02 7.338921224e-02 7.556998103e-02 7.717951111e-02 7.830453837e-02
 7.902749558e-02 7.942245025e-02 7.955337115e-02 7.947391800e-02 7.922503426e-02
 6.038320873e-05 1.340859782e-04 2.329580461e-04 3.524453813e-04 3.821792782e-04
-7.100206525e-04-3.187556216e-03-6.102538492e-03-9.396280951e-03-1.308884030e-02
-1.719285873e-02-2.170686127e-02-2.661169331e-02-3.186800817e-02-3.741549698e-02
-4.317432638e-02-4.904891579e-02-5.493372697e-02-6.072027971e-02-6.630429979e-02
-7.159186231e-02-7.650362866e-02-8.097670444e-02-8.496412094e-02-8.843232894e-02
-9.135731351e-02-9.371999055e-02-9.550148054e-02-9.667874301e-02-9.722096016e-02
-9.708701908e-02-9.622447123e-02-9.457042798e-02-9.205493146e-02-8.860733110e-02
-8.416597132e-02-7.869091751e-02-7.217844173e-02-6.467467768e-02-5.628466985e-02
-4.717271379e-02-3.755111856e-02-2.765741737e-02-1.772366581e-02-7.944065796e-03
 1.554182893e-03 1.072916048e-02 1.952686433e-02 2.788320999e-02 3.572766030e-02
 4.298859627e-02 4.960008634e-02 5.550917346e-02 6.068238946e-02 6.511013992e-02
 6.880798219e-02 7.181455680e-02 7.418676642e-02 7.599340422e-02 7.730859983e-02
 7.820618206e-02 7.875555316e-02 7.901917518e-02 7.905152310e-02 7.890269408e-02
 6.175343056e-05 1.372092879e-04 2.385735244e-04 3.613389833e-04 4.018244807e-04
-6.727468563e-04-3.176459710e-03-6.069861554e-03-9.353084987e-03-1.303385336e-02
-1.712457046e-02-2.162384571e-02-2.651273135e-02-3.175220501e-02-3.728238169e-02
-4.302391513e-02-4.888172285e-02-5.475071489e-02-6.052275053e-02-6.609374051e-02
-7.136976542e-02-7.627131147e-02-8.073514764e-02-8.471383994e-02-8.817328322e-02
-9.108885249e-02-9.344083027e-02-9.520970477e-02-9.637182399e-02-9.689579833e-02
-9.674000524e-02-9.585157906e-02-9.416734703e-02-9.161724899e-02-8.813076252e-02
-8.364662061e-02-7.812551937e-02-7.156450035e-02-6.401038387e-02-5.556846853e-02
-4.640242841e-02-3.672262409e-02-2.676297000e-02-1.675010251e-02-6.871148006e-03
 2.760472970e-03 1.210107470e-02 2.109116777e-02 2.965608304e-02 3.770899414e-02
 4.515720651e-02 5.191179038e-02 5.789929879e-02 6.307303047e-02 6.742081062e-02
 7.096695291e-02 7.376779955e-02 7.590236290e-02 7.746106584e-02 7.853561179e-02
 7.921179349e-02 7.956554295e-02 7.966155501e-02 7.955347525e-02 7.928138821e-02
 7.157168445e-05 1.596053605e-04 2.789042122e-04 4.252234497e-04 4.881998225e-04
-5.642666477e-04-2.990089454e-03-5.845652762e-03-9.069666897e-03-1.268148307e-02
-1.669412943e-02-2.110718316e-02-2.590333228e-02-3.104586121e-02-3.647774635e-02
-4.212282139e-02-4.788916875e-02-5.367446997e-02-5.937261003e-02-6.488052333e-02
-7.010419838e-02-7.496295272e-02-7.939147614e-02-8.333958868e-02-8.677004023e-02
-8.965491092e-02-9.197124592e-02-9.369651697e-02-9.480440972e-02-9.526135247e-02
-9.502416542e-02-9.403923335e-02-9.224366772e-02-8.956897466e-02-8.594768986e-02
-8.132315716e-02-7.566199203e-02-6.896774513e-02-6.129303070e-02-5.274637899e-02
-4.349001528e-02-3.372625022e-02-2.367312371e-02-1.353332947e-02-3.462590765e-03
 6.472039958e-03 1.622945277e-02 2.574278232e-02 3.491263627e-02 4.360338531e-02
 5.164835899e-02 5.886914062e-02 6.510739632e-02 7.025963832e-02 7.430291716e-02
 7.730129226e-02 7.938861171e-02 8.073407158e-02 8.150649142e-02 8.185126651e-02
 8.188268375e-02 8.168605932e-02 8.132353529e-02 8.084006011e-02 8.026985211e-02
 8.930355531e-05 2.000598146e-04 3.517590581e-04 5.406824117e-04 6.600785457e-04
-3.206812388e-04-2.683625725e-03-5.442698460e-03-8.560182305e-03-1.204854037e-02
-1.592108627e-02-2.017889727e-02-2.480737461e-02-2.977372645e-02-3.502587782e-02
-4.049324540e-02-4.608956400e-02-5.171757998e-02-5.727502638e-02-6.266098967e-02
-6.778167418e-02-7.255470409e-02-7.691142675e-02-8.079708574e-02-8.416909889e-02
-8.699392378e-02-8.924309973e-02-9.088904908e-02-9.190115625e-02-9.224257648e-02
-9.186819208e-02-9.072414527e-02-8.874940856e-02-8.587985250e-02-8.205514231e-02
-7.722842881e-02-7.137810171e-02-6.451985986e-02-5.671624649e-02-4.808008254e-02
-3.876852499e-02-2.896616182e-02-1.885831911e-02-8.598510641e-03 1.724582470e-03
 1.211646043e-02 2.257162405e-02 3.305558782e-02 4.347696644e-02 5.364146888e-02
 6.320467637e-02 7.170093195e-02 7.867999424e-02 8.382921184e-02 8.707299348e-02
 8.862953925e-02 8.894699123e-02 8.851597173e-02 8.769936492e-02 8.670860121e-02
 8.565391192e-02 8.458946638e-02 8.354014390e-02 8.251598124e-02 8.152184195e-02
 1.139733907e-04 2.563617424e-04 4.531796376e-04 7.014344387e-04 8.963138839e-04
 8.051796163e-06-2.250469604e-03-4.880736579e-03-7.849569948e-03-1.116552955e-02
-1.484146240e-02-1.888010859e-02-2.327015443e-02-2.798376088e-02-3.297528331e-02
-3.818158556e-02-4.352416049e-02-4.891296560e-02-5.425153574e-02-5.944264580e-02
-6.439366066e-02-6.902077342e-02-7.325157532e-02-7.702574116e-02-8.029395191e-02
-8.301543289e-02-8.515462715e-02-8.667756178e-02-8.754843901e-02-8.772693920e-02
-8.716669137e-02-8.581535425e-02-8.361673412e-02-8.051528674e-02-7.646312690e-02
-7.142921202e-02-6.540963604e-02-5.843704815e-02-5.058637129e-02-4.197368745e-02
-3.274581407e-02-2.305979558e-02-1.305375226e-02-2.812001228e-03 7.685892130e-03
 1.851320180e-02 2.976217411e-02 4.154805348e-02 5.401054271e-02 6.730336600e-02
 8.141536361e-02 9.339238004e-02 1.030118880e-01 1.084767614e-01 1.094108508e-01
 1.065120916e-01 1.017693095e-01 9.777157763e-02 9.445142280e-02 9.167234294e-02
 8.931798666e-02 8.729448624e-02 8.552820070e-02 8.396213198e-02 8.254818365e-02
 1.441923650e-04 3.253650158e-04 5.775446287e-04 8.986464864e-04 1.181001658e-03
 3.956468585e-04-1.709521646e-03-4.188714710e-03-6.973787531e-03-1.007674443e-02
-1.350811994e-02-1.727206378e-02-2.136052358e-02-2.575090900e-02-3.040468455e-02
-3.526724912e-02-4.026932404e-02-4.532984166e-02-5.036004631e-02-5.526826291e-02
-5.996463566e-02-6.436513994e-02-6.839432591e-02-7.198651340e-02-7.508544820e-02
-7.764267985e-02-7.961508871e-02-8.096207032e-02-8.164289997e-02-8.161477898e-02
-8.083203029e-02-7.924686550e-02-7.681206322e-02-7.348573111e-02-6.923800672e-02
-6.405904345e-02-5.796694938e-02-5.101364154e-02-4.328612537e-02-3.490083801e-02
-2.598959267e-02-1.667714048e-02-7.051563381e-03 2.876073071e-03 1.318853106e-02
 2.400214577e-02 3.548394899e-02 4.788096709e-02 6.156989375e-02 7.713547551e-02
 9.536088348e-02 1.113339554e-01 1.220753752e-01 1.269903897e-01 1.256649823e-01
 1.189672065e-01 1.099539930e-01 1.032757819e-01 9.823308039e-02 9.430734834e-02
 9.116088434e-02 8.857202277e-02 8.639139474e-02 8.451557824e-02 8.287483205e-02
 1.781766931e-04 4.030252950e-04 7.176304091e-04 1.121056486e-03 1.513755553e-03
 8.687128358e-04-1.118248921e-03-3.405040292e-03-5.980080941e-03-8.839829263e-03
-1.199017015e-02-1.543587944e-02-1.917150819e-02-2.317924067e-02-2.742744888e-02
-3.187023319e-02-3.644815722e-02-4.109022492e-02-4.571693917e-02-5.024407233e-02
-5.458663062e-02-5.866245166e-02-6.239495459e-02-6.571473989e-02-6.855996484e-02
-7.087564206e-02-7.261218335e-02-7.372361879e-02-7.416596691e-02-7.389622787e-02
-7.287242879e-02-7.105506605e-02-6.841014248e-02-6.491375596e-02-6.055783340e-02
-5.535612850e-02-4.934909127e-02-4.260583386e-02-3.522137826e-02-2.730784492e-02
-1.897918031e-02-1.032998962e-02-1.409979018e-03 7.814080025e-03 1.740533117e-02
 2.744968758e-02 3.806507036e-02 4.941552790e-02 6.173632555e-02 7.540369340e-02
 9.169652100e-02 1.065957244e-01 1.170305277e-01 1.197879924e-01 1.185665527e-01
 1.134041204e-01 1.059507206e-01 1.006120746e-01 9.638395751e-02 9.294443258e-02
 9.009026854e-02 8.767876857e-02 8.560633463e-02 8.379639293e-02 8.218932047e-02
 2.137538420e-04 4.844217570e-04 8.646680443e-04 1.354859135e-03 1.851333163e-03
 1.329985515e-03-4.665046507e-04-2.573463582e-03-4.923927536e-03-7.522339399e-03
-1.036983262e-02-1.346949843e-02-1.681750629e-02-2.039981357e-02-2.419078821e-02
-2.815255334e-02-3.223522854e-02-3.637814224e-02-4.051194615e-02-4.456140808e-02
-4.844853326e-02-5.209560456e-02-5.542775771e-02-5.837481459e-02-6.087225820e-02
-6.286140930e-02-6.428902098e-02-6.510661884e-02-6.526997156e-02-6.473907695e-02
-6.347899286e-02-6.146172600e-02-5.866920457e-02-5.509709683e-02-5.075890787e-02
-4.568943967e-02-3.994643243e-02-3.360914722e-02-2.677291046e-02-1.953920455e-02
-1.200162148e-02-4.228921470e-03 3.763850934e-03 1.198842699e-02 2.045930802e-02
 2.919114308e-02 3.819245768e-02 4.745157492e-02 5.690523384e-02 6.637010201e-02
 7.542513109e-02 8.338213327e-02 8.956940267e-02 9.361065144e-02 9.546649209e-02
 9.545492748e-02 9.420765292e-02 9.238636050e-02 9.040749555e-02 8.846415577e-02
 8.663239280e-02 8.493462214e-02 8.336956762e-02 8.192620684e-02 8.059088266e-02
 2.483316144e-04 5.637034426e-04 1.008284929e-03 1.583994089e-03 2.189343056e-03
 1.802325418e-03 1.650665767e-04-1.746023654e-03-3.868304278e-03-6.200297542e-03
-8.739073585e-03-1.148268399e-02-1.442783987e-02-1.756303771e-02-2.086733931e-02
-2.430965559e-02-2.784867642e-02-3.143352500e-02-3.500512181e-02-3.849813854e-02
-4.184332902e-02-4.496996672e-02-4.780811534e-02-5.029051392e-02-5.235395793e-02
-5.394018099e-02-5.499636002e-02-5.547545785e-02-5.533666379e-02-5.454618552e-02
-5.307857990e-02-5.091868441e-02-4.806402870e-02-4.452738387e-02-4.033887866e-02
-3.554694128e-02-3.021727608e-02-2.442922326e-02-1.826918141e-02-1.182132942e-02
-5.156288854e-03 1.689467074e-03 8.697849251e-03 1.584907274e-02 2.311872987e-02
 3.047339094e-02 3.786392530e-02 4.521593284e-02 5.241776493e-02 5.930991471e-02
 6.568547640e-02 7.131409429e-02 7.598990494e-02 7.958345244e-02 8.207438293e-02
 8.355446739e-02 8.419965213e-02 8.422023010e-02 8.381230310e-02 8.313116899e-02
 8.228750261e-02 8.135516731e-02 8.038138866e-02 7.939541734e-02 7.841758393e-02
 2.787665622e-04 6.338272004e-04 1.136130687e-03 1.789535147e-03 2.500155284e-03
 2.247882024e-03 7.413698278e-04-9.806768154e-04-2.883387372e-03-4.956940241e-03
-7.194742749e-03-9.590054473e-03-1.213719610e-02-1.482616051e-02-1.763946169e-02
-2.055145633e-02-2.352812833e-02-2.652739520e-02-2.949995044e-02-3.239058738e-02
-3.513988717e-02-3.768610888e-02-3.996710658e-02-4.192212084e-02-4.349334650e-02
-4.462725170e-02-4.527569747e-02-4.539696439e-02-4.495681753e-02-4.392972330e-02
-4.230026774e-02-4.006471943e-02-3.723254608e-02-3.382755298e-02-2.988820812e-02
-2.546667365e-02-2.062614448e-02-1.543631648e-02-9.967053856e-03-4.280998133e-03
 1.583431477e-03 7.592725273e-03 1.371171864e-02 1.990210571e-02 2.612073412e-02
 3.231744927e-02 3.843261674e-02 4.439477595e-02 5.011938282e-02 5.551013500e-02
 6.046448572e-02 6.488399360e-02 6.868801100e-02 7.182700084e-02 7.429111624e-02
 7.611107900e-02 7.735105811e-02 7.809604749e-02 7.843796406e-02 7.846436352e-02
 7.825165282e-02 7.786252721e-02 7.734625849e-02 7.674033297e-02 7.606761701e-02
 3.010164945e-04 6.857961685e-04 1.232590218e-03 1.947895587e-03 2.734620615e-03
 2.575747209e-03 1.225445560e-03-3.447353330e-04-2.046589004e-03-3.880467264e-03
-5.836655829e-03-7.905220424e-03-1.007597929e-02-1.233930058e-02-1.468028773e-02
-1.707769440e-02-1.950365149e-02-2.192379010e-02-2.429776829e-02-2.658017926e-02
-2.872177863e-02-3.067093942e-02-3.237522957e-02-3.378301297e-02-3.484499929e-02
-3.551570315e-02-3.575480977e-02-3.552846986e-02-3.481055205e-02-3.358385926e-02
-3.184126734e-02-2.958667757e-02-2.683559686e-02-2.361510662e-02-1.996295574e-02
-1.592560597e-02-1.155502697e-02-6.904621485e-03-2.020297295e-03 3.060461194e-03
 8.297307793e-03 1.364731867e-02 1.906485134e-02 2.450160751e-02 2.990665345e-02
 3.522632088e-02 4.040413069e-02 4.538112589e-02 5.009702196e-02 5.449242434e-02
 5.851212790e-02 6.210921673e-02 6.524933860e-02 6.791425971e-02 7.010378848e-02
 7.183547695e-02 7.314207715e-02 7.406732890e-02 7.466103999e-02 7.497444915e-02
 7.505657388e-02 7.495182394e-02 7.469880409e-02 7.433010555e-02 7.387596689e-02
 3.095152449e-04 7.072165892e-04 1.276135411e-03 2.026657917e-03 2.870893435e-03
 2.798443478e-03 1.521902363e-03 8.360510784e-05-1.444246899e-03-3.065596082e-03
-4.767063446e-03-6.536784985e-03-8.363030335e-03-1.023396313e-02-1.213717594e-02
-1.405533900e-02-1.596597338e-02-1.784151506e-02-1.964969771e-02-2.135423064e-02
-2.291573356e-02-2.429287382e-02-2.544364256e-02-2.632670515e-02-2.690276858e-02
-2.713592038e-02-2.699490587e-02-2.645431653e-02-2.549565678e-02-2.410823948e-02
-2.228983429e-02-2.004696085e-02-1.739471892e-02-1.435597980e-02-1.095984274e-02
-7.239736475e-03-3.227895744e-03 1.046251717e-03 5.547883564e-03 1.023744226e-02
 1.506932377e-02 1.999167354e-02 2.494759427e-02 2.987817833e-02 3.472571628e-02
 3.943471413e-02 4.395133639e-02 4.822391199e-02 5.220527699e-02 5.585575512e-02
 5.914553121e-02 6.205590219e-02 6.457945177e-02 6.671942289e-02 6.848855618e-02
 6.990756703e-02 7.100336420e-02 7.180711013e-02 7.235226078e-02 7.267274874e-02
 7.280145779e-02 7.276908143e-02 7.260338694e-02 7.232881592e-02 7.196550676e-02
 2.963953867e-04 6.803659432e-04 1.235617249e-03 1.978422045e-03 2.826686834e-03
 2.778733304e-03 1.573064809e-03 2.100307891e-04-1.183223367e-03-2.621479914e-03
-4.094808891e-03-5.592156749e-03-7.103085464e-03-8.616745074e-03-1.012166758e-02
-1.160442942e-02-1.304742776e-02-1.442906644e-02-1.572415803e-02-1.690452569e-02
-1.793977494e-02-1.879820197e-02-1.944779935e-02-1.985731578e-02-1.999732552e-02
-1.984126302e-02-1.936637899e-02-1.855457134e-02-1.739304145e-02-1.587470850e-02
-1.399829186e-02-1.176799644e-02-9.192919542e-03-6.285813516e-03-3.058065444e-03
 4.765015377e-04 4.300381041e-03 8.392264355e-03 1.272503969e-02 1.726338717e-02
 2.196026064e-02 2.675112274e-02 3.154735377e-02 3.625102688e-02 4.079681060e-02
 4.514362225e-02 4.923840439e-02 5.301981535e-02 5.643579430e-02 5.945430580e-02
 6.206619240e-02 6.428220762e-02 6.612694899e-02 6.763242039e-02 6.883302561e-02
 6.976252657e-02 7.045262571e-02 7.093254404e-02 7.122905402e-02 7.136663594e-02
 7.136761063e-02 7.125221565e-02 7.103864353e-02 7.074304644e-02 7.037893256e-02
 2.514128088e-04 5.810793601e-04 1.066077188e-03 1.730769336e-03 2.503605765e-03
 2.399862756e-03 1.195363949e-03-1.380333500e-04-1.414093835e-03-2.684876586e-03
-3.939204528e-03-5.173877148e-03-6.384542424e-03-7.564462085e-03-8.704345227e-03
-9.793023899e-03-1.081672417e-02-1.175853014e-02-1.259894864e-02-1.331652289e-02
-1.388849956e-02-1.429153988e-02-1.450245617e-02-1.449894651e-02-1.426029215e-02
-1.376797999e-02-1.300620781e-02-1.196223160e-02-1.062654437e-02-8.992819399e-03
-7.057435043e-03-4.817223974e-03-2.270317413e-03 5.833947240e-04 3.743170246e-03
 7.207362494e-03 1.097315161e-02 1.503600746e-02 1.938818729e-02 2.401489087e-02
 2.888687268e-02 3.397008647e-02 3.935036238e-02 4.398141175e-02 4.830233045e-02
 5.259455623e-02 5.659530640e-02 6.013410324e-02 6.310604262e-02 6.548023046e-02
 6.729379229e-02 6.862800333e-02 6.957824280e-02 7.023191628e-02 7.065890986e-02
 7.091089372e-02 7.102457963e-02 7.102583570e-02 7.093326837e-02 7.076087390e-02
 7.051980990e-02 7.021948389e-02 6.986816537e-02 6.947336022e-02 6.904520711e-02
 1.661536521e-04 3.864874763e-04 7.166528238e-04 1.183669742e-03 1.736576191e-03
 1.431450618e-03 7.427599133e-05-1.234150338e-03-2.374637000e-03-3.421721725e-03
-4.410624858e-03-5.355239038e-03-6.257329688e-03-7.111721407e-03-7.909178717e-03
-8.637964483e-03-9.285087834e-03-9.836104483e-03-1.027531142e-02-1.058627860e-02
-1.075234449e-02-1.075708381e-02-1.058474063e-02-1.022060753e-02-9.651309887e-03
-8.864967831e-03-7.851182333e-03-6.600601310e-03-5.104625753e-03-3.355566318e-03
-1.346169988e-03 9.309598340e-04 3.483667039e-03 6.320521904e-03 9.451223697e-03
 1.288709081e-02 1.664177011e-02 2.073253942e-02 2.518322555e-02 3.003233650e-02
 3.536292197e-02 4.095106955e-02 4.609075927e-02 5.140929560e-02 5.684265007e-02
 6.214775398e-02 6.691521784e-02 7.072104536e-02 7.331860701e-02 7.471256871e-02
 7.515749066e-02 7.501500631e-02 7.456866278e-02 7.399004413e-02 7.337115788e-02
 7.275529514e-02 7.215870649e-02 7.158403036e-02 7.102790984e-02 7.048504211e-02
 6.995019479e-02 6.941910949e-02 6.888880258e-02 6.835743187e-02 6.781892810e-02
 4.699284255e-05 1.079958399e-04 1.961551793e-04 3.127757530e-04 3.511368295e-04
-7.360179047e-04-3.032508403e-03-3.695303103e-03-4.258209317e-03-4.866805441e-03
-5.488811829e-03-6.102427402e-03-6.688889519e-03-7.230622297e-03-7.710811478e-03
-8.113352254e-03-8.422903434e-03-8.625122002e-03-8.706372368e-03-8.653849072e-03
-8.455768849e-03-8.101511795e-03-7.581703999e-03-6.888312992e-03-6.014462819e-03
-4.954221335e-03-3.702245288e-03-2.253291850e-03-6.016844969e-04 1.259205589e-03
 3.337504367e-03 5.643330783e-03 8.189200973e-03 1.099035228e-02 1.406506177e-02
 1.743502098e-02 2.112579169e-02 2.516729832e-02 2.959399743e-02 3.444241484e-02
 3.973431034e-02 4.543440464e-02 5.158392457e-02 5.837493277e-02 6.603248902e-02
 7.501563611e-02 8.339945058e-02 8.881433450e-02 9.078086572e-02 8.920259433e-02
 8.564057420e-02 8.260636992e-02 7.997497548e-02 7.777288662e-02 7.594385288e-02
 7.441329574e-02 7.311459575e-02 7.199366610e-02 7.100813110e-02 7.012532936e-02
 6.932035685e-02 6.857448150e-02 6.787401685e-02 6.720974185e-02 6.657929425e-02
-7.811983987e-05-1.830165005e-04-3.433488793e-04-5.774507325e-04-1.020838169e-03
-2.752254510e-03-5.642259295e-03-6.137984705e-03-6.285600448e-03-6.555503400e-03
-6.886276436e-03-7.233977938e-03-7.563617602e-03-7.846490211e-03-8.058482264e-03
-8.179136332e-03-8.191125646e-03-8.079938290e-03-7.833628066e-03-7.442662708e-03
-6.899835683e-03-6.200197464e-03-5.340958414e-03-4.321307400e-03-3.142065097e-03
-1.805138575e-03-3.127520648e-04 1.333518421e-03 3.133823402e-03 5.091112815e-03
 7.212086515e-03 9.507943736e-03 1.199483291e-02 1.469372751e-02 1.762991126e-02
 2.083337551e-02 2.433936983e-02 2.818744151e-02 3.242089699e-02 3.708847895e-02
 4.225109444e-02 4.799786706e-02 5.447248732e-02 6.190733780e-02 7.066619643e-02
 8.114299839e-02 9.053190059e-02 9.644708713e-02 9.895502471e-02 9.797507780e-02
 9.329307767e-02 8.723925113e-02 8.278180512e-02 7.945146496e-02 7.686551180e-02
 7.479211034e-02 7.308404384e-02 7.164328773e-02 7.040192917e-02 6.931138248e-02
 6.833597596e-02 6.744893904e-02 6.662970335e-02 6.586154001e-02 6.512745565e-02
-1.837568872e-04-4.232836870e-04-7.727732137e-04-1.246458129e-03-1.962575252e-03
-3.966540548e-03-7.142080464e-03-7.702092448e-03-7.895023679e-03-8.128999678e-03
-8.380933082e-03-8.618723937e-03-8.810283612e-03-8.926175942e-03-8.940871789e-03
-8.833205767e-03-8.586362941e-03-8.187625942e-03-7.628059754e-03-6.902257702e-03
-6.008211232e-03-4.947299595e-03-3.724331494e-03-2.347510687e-03-8.281498584e-04
 8.200598771e-04 2.582371698e-03 4.444912127e-03 6.397011617e-03 8.433516808e-03
 1.055660345e-02 1.277644466e-02 1.511150075e-02 1.760058473e-02 2.027331460e-02
 2.314859312e-02 2.629622462e-02 2.976489021e-02 3.360605780e-02 3.786264597e-02
 4.255899010e-02 4.775691393e-02 5.353745480e-02 6.000138442e-02 6.728009990e-02
 7.556216854e-02 8.298279754e-02 8.796263545e-02 9.046757689e-02 9.039101511e-02
 8.754241663e-02 8.342908383e-02 8.011748484e-02 7.740658809e-02 7.515241480e-02
 7.324939883e-02 7.161910311e-02 7.020271248e-02 6.895547886e-02 6.784275859e-02
 6.683723752e-02 6.591696503e-02 6.506390896e-02 6.426273636e-02 6.349391436e-02
-2.649693678e-04-6.058605240e-04-1.094278712e-03-1.739797733e-03-2.658059775e-03
-4.884582075e-03-8.217243514e-03-9.012333645e-03-9.365370855e-03-9.729189072e-03
-1.006816871e-02-1.034429051e-02-1.052080056e-02-1.056539302e-02-1.045202502e-02
-1.016135614e-02-9.680207287e-03-9.000577115e-03-8.118699761e-03-7.034467320e-03
-5.751364468e-03-4.276923185e-03-2.623595933e-03-8.098231508e-04 1.139108676e-03
 3.191053062e-03 5.308634972e-03 7.453173806e-03 9.590866526e-03 1.169995643e-02
 1.377258301e-02 1.581659512e-02 1.793435157e-02 2.009434478e-02 2.234620246e-02
 2.472817632e-02 2.733263469e-02 3.021123906e-02 3.341918697e-02 3.699192481e-02
 4.091992233e-02 4.521554219e-02 4.986300436e-02 5.479413472e-02 5.985732276e-02
 6.477840320e-02 6.916987494e-02 7.265242943e-02 7.498478808e-02 7.610454320e-02
 7.614151868e-02 7.539937311e-02 7.422831097e-02 7.288666374e-02 7.152019617e-02
 7.020060476e-02 6.895891302e-02 6.780480654e-02 6.673702515e-02 6.574893613e-02
 6.483154362e-02 6.397511469e-02 6.317006220e-02 6.240770206e-02 6.169183017e-02
-3.263281196e-04-7.433091830e-04-1.336360575e-03-2.115048627e-03-3.192313650e-03
-5.608919657e-03-9.211604951e-03-1.029833471e-02-1.096413366e-02-1.162934345e-02
-1.222760250e-02-1.269433065e-02-1.297420090e-02-1.302666212e-02-1.282716366e-02
-1.236467980e-02-1.163735582e-02-1.064823677e-02-9.402314518e-03-7.905248787e-03
-6.163606502e-03-4.186386123e-03-1.987752153e-03 4.089521447e-04 2.966006610e-03
 5.625882388e-03 8.308441281e-03 1.091609034e-02 1.335209353e-02 1.554013152e-02
 1.753701908e-02 1.933078996e-02 2.096677183e-02 2.253830256e-02 2.412903348e-02
 2.581318232e-02 2.765603817e-02 2.971812542e-02 3.205991122e-02 3.474108430e-02
 3.780884323e-02 4.127591207e-02 4.509796962e-02 4.916493713e-02 5.330954416e-02
 5.732501012e-02 6.098695073e-02 6.408336179e-02 6.645419126e-02 6.802983521e-02
 6.884814091e-02 6.903523729e-02 6.875847682e-02 6.817888584e-02 6.742436142e-02
 6.658441316e-02 6.571630999e-02 6.485399447e-02 6.401584128e-02 6.321033724e-02
 6.243992387e-02 6.170349884e-02 6.099801333e-02 6.031923666e-02 5.964840776e-02
-3.747796713e-04-8.484285816e-04-1.512656681e-03-2.371430274e-03-3.545153430e-03
-6.110692817e-03-1.002154792e-02-1.160141956e-02-1.291698028e-02-1.419715315e-02
-1.533865755e-02-1.620714072e-02-1.670720857e-02-1.679361853e-02-1.646702283e-02
-1.575522970e-02-1.469291543e-02-1.330873501e-02-1.162082997e-02-9.637460747e-03
-7.359591029e-03-4.783941857e-03-1.906666204e-03 1.270761441e-03 4.730135322e-03
 8.414306925e-03 1.219005124e-02 1.580935597e-02 1.892421638e-02 2.133367236e-02
 2.296470968e-02 2.393576669e-02 2.455413553e-02 2.507076119e-02 2.563216177e-02
 2.630501401e-02 2.711428120e-02 2.807797770e-02 2.924904175e-02 3.077067251e-02
 3.288154068e-02 3.576685403e-02 3.939624795e-02 4.352456182e-02 4.785405932e-02
 5.215724330e-02 5.623102500e-02 5.980170476e-02 6.253424185e-02 6.421941650e-02
 6.493878543e-02 6.499412266e-02 6.468350241e-02 6.418844278e-02 6.360179396e-02
 6.297187542e-02 6.232568303e-02 6.167896727e-02 6.104079649e-02 6.041593683e-02
 5.980628194e-02 5.921179395e-02 5.863117625e-02 5.806253563e-02 5.751089708e-02
-4.276216188e-04-9.609534600e-04-1.690546931e-03-2.588720851e-03-3.710099112e-03
-5.982074015e-03-9.393886588e-03-1.255667713e-02-1.543254756e-02-1.812708171e-02
-2.042673451e-02-2.204959585e-02-2.279981829e-02-2.269387238e-02-2.190879730e-02
-2.063875451e-02-1.901015476e-02-1.708021756e-02-1.486254163e-02-1.234783114e-02
-9.514402693e-03-6.330658340e-03-2.752154585e-03 1.285084050e-03 5.873852036e-03
 1.114280128e-02 1.722797360e-02 2.398430455e-02 2.981563193e-02 3.265410642e-02
 3.219345652e-02 3.014476485e-02 2.839258764e-02 2.723175701e-02 2.654461770e-02
 2.617554083e-02 2.596843526e-02 2.574217686e-02 2.522758188e-02 2.389561081e-02
 2.369220255e-02 2.620357520e-02 3.170576867e-02 3.772132829e-02 4.312069146e-02
 4.841503467e-02 5.405064785e-02 6.094055161e-02 6.528205482e-02 6.641119972e-02
 6.411139083e-02 6.238269546e-02 6.129352130e-02 6.051596765e-02 5.989569103e-02
 5.935741748e-02 5.886298557e-02 5.839252297e-02 5.793547557e-02 5.748613594e-02
 5.704131150e-02 5.659885997e-02 5.615656066e-02 5.571192724e-02 5.526740844e-02
-5.051486327e-04-1.143115912e-03-2.031009469e-03-3.144583922e-03-4.493947569e-03
-6.898321043e-03-1.061113767e-02-1.481340910e-02-1.956950762e-02-2.497195301e-02
-3.029718189e-02-3.357486989e-02-3.385951922e-02-3.176179880e-02-2.919459061e-02
-2.670547186e-02-2.425130807e-02-2.171625007e-02-1.899802667e-02-1.602315495e-02
-1.274114662e-02-9.109905634e-03-5.077683986e-03-5.624007416e-04 4.577477211e-03
 1.059864786e-02 1.800910612e-02 2.802250190e-02 3.772565503e-02 4.098707411e-02
 3.748567007e-02 3.177134968e-02 2.868000082e-02 2.687081971e-02 2.579366324e-02
 2.515022301e-02 2.474190392e-02 2.440699322e-02 2.400574339e-02 2.357872491e-02
 2.410372430e-02 2.632482809e-02 3.013211930e-02 3.475704863e-02 3.937724741e-02
 4.399733178e-02 4.872869803e-02 5.335544710e-02 5.689612376e-02 5.840556596e-02
 5.805924093e-02 5.723872978e-02 5.660557729e-02 5.614925512e-02 5.580131898e-02
 5.551436382e-02 5.525714789e-02 5.500746378e-02 5.475871036e-02 5.449756880e-02
 5.422666177e-02 5.394701387e-02 5.366045933e-02 5.335155690e-02 5.300745581e-02
-5.835339117e-04-1.338740325e-03-2.435454311e-03-3.929593994e-03-5.931178775e-03
-8.601712713e-03-1.209119660e-02-1.654872306e-02-2.228662587e-02-3.005438901e-02
-3.966401780e-02-4.485634028e-02-4.466032983e-02-3.869966845e-02-3.473054329e-02
-3.183827757e-02-2.929953355e-02-2.669440173e-02-2.379991015e-02-2.054192769e-02
-1.693685861e-02-1.302870343e-02-8.848459593e-03-4.402911207e-03 3.152157427e-04
 5.296186831e-03 1.044076523e-02 1.542001449e-02 1.958995525e-02 2.233273292e-02
 2.352624426e-02 2.366742297e-02 2.339120904e-02 2.310674273e-02 2.295137257e-02
 2.296056645e-02 2.313792728e-02 2.348193474e-02 2.404253381e-02 2.491191681e-02
 2.622755880e-02 2.808517516e-02 3.046610305e-02 3.324968675e-02 3.626077188e-02
 3.933802643e-02 4.232285475e-02 4.503194077e-02 4.727613392e-02 4.893062497e-02
 5.001581968e-02 5.067420124e-02 5.107093211e-02 5.132332138e-02 5.149296170e-02
 5.160883964e-02 5.168162045e-02 5.171411726e-02 5.170607096e-02 5.165527883e-02
 5.156009362e-02 5.142312429e-02 5.127411078e-02 5.109400126e-02 5.088066305e-02
-6.083382660e-04-1.396056637e-03-2.536665610e-03-4.069326909e-03-6.046794348e-03
-8.531648391e-03-1.158916450e-02-1.527593020e-02-1.959640834e-02-2.443331755e-02
-2.917169136e-02-3.278319102e-02-3.466688551e-02-3.517581526e-02-3.522131960e-02
-3.513076454e-02-3.453388393e-02-3.286350554e-02-2.991982423e-02-2.603403829e-02
-2.173770508e-02-1.735778106e-02-1.300995737e-02-8.721380404e-03-4.504769268e-03
-3.953142513e-04 3.529238776e-03 7.145160535e-03 1.030783758e-02 1.290646495e-02
 1.491799263e-02 1.641935171e-02 1.754929090e-02 1.845366165e-02 1.925137106e-02
 2.002821870e-02 2.084582332e-02 2.175351626e-02 2.279687782e-02 2.401961887e-02
 2.545752112e-02 2.712711720e-02 2.901611667e-02 3.108184830e-02 3.325792969e-02
 3.546408457e-02 3.761477595e-02 3.962740072e-02 4.143305306e-02 4.298894254e-02
 4.428597110e-02 4.534531642e-02 4.620542908e-02 4.690743702e-02 4.748566750e-02
 4.796435205e-02 4.835817638e-02 4.867431405e-02 4.891472712e-02 4.907836811e-02
 4.916316917e-02 4.916617028e-02 4.914235399e-02 4.905864612e-02 4.889647264e-02
-5.716408122e-04-1.304675717e-03-2.350514969e-03-3.724773262e-03-5.443951701e-03
-7.520761950e-03-9.956310370e-03-1.272472833e-02-1.575793126e-02-1.894823545e-02
-2.213883453e-02-2.518818161e-02-2.807583808e-02-3.104586793e-02-3.463217924e-02
-3.977628264e-02-4.521390349e-02-4.515348221e-02-3.969592582e-02-3.143908546e-02
-2.538585983e-02-2.036867203e-02-1.593030279e-02-1.186153601e-02-8.063288210e-03
-4.497371622e-03-1.163942258e-03 1.914002051e-03 4.706036293e-03 7.190041619e-03
 9.364490374e-03 1.125297994e-02 1.290010465e-02 1.436211202e-02 1.569742306e-02
 1.696033735e-02 1.819838351e-02 1.945196196e-02 2.075454827e-02 2.213221918e-02
 2.360212629e-02 2.517044337e-02 2.683087095e-02 2.856467646e-02 3.034258502e-02
 3.212815180e-02 3.388199781e-02 3.556639994e-02 3.714975001e-02 3.861013433e-02
 3.993708094e-02 4.113086974e-02 4.219967815e-02 4.315562519e-02 4.401091515e-02
 4.477482774e-02 4.545175841e-02 4.604027854e-02 4.653330774e-02 4.691972136e-02
 4.718760914e-02 4.732782171e-02 4.739401803e-02 4.736298122e-02 4.724115739e-02
-4.999740775e-04-1.135333494e-03-2.030686156e-03-3.187803215e-03-4.605858001e-03
-6.278845818e-03-8.192627023e-03-1.031988534e-02-1.261041228e-02-1.503343806e-02
-1.754661337e-02-2.012510049e-02-2.278845479e-02-2.564008937e-02-2.878125816e-02
-3.206008062e-02-3.453350114e-02-3.461452609e-02-3.205316866e-02-2.795023940e-02
-2.377295228e-02-1.989614606e-02-1.631066254e-02-1.296014913e-02-9.800305769e-03
-6.806319360e-03-3.970587541e-03-1.297571533e-03 1.202942631e-03 3.522726231e-03
 5.660385051e-03 7.623924908e-03 9.430559961e-03 1.110455776e-02 1.267424020e-02
 1.416908612e-02 1.561743534e-02 1.704485504e-02 1.847297841e-02 1.991859274e-02
 2.139287223e-02 2.290081467e-02 2.444105113e-02 2.600620026e-02 2.758384236e-02
 2.915805328e-02 3.071132472e-02 3.222662659e-02 3.368932800e-02 3.508868453e-02
 3.641864321e-02 3.767783224e-02 3.886875892e-02 3.999635796e-02 4.106603801e-02
 4.208125200e-02 4.304043896e-02 4.393314707e-02 4.473572076e-02 4.540899799e-02
 4.590405901e-02 4.618308197e-02 4.624474168e-02 4.615662934e-02 4.596373266e-02
-4.182678100e-04-9.464677289e-04-1.684710482e-03-2.628796881e-03-3.771685006e-03
-5.102463224e-03-6.605466698e-03-8.256885939e-03-1.002057926e-02-1.187882934e-02
-1.380218780e-02-1.574497949e-02-1.767459982e-02-1.954685612e-02-2.126149537e-02
-2.264540138e-02-2.346232279e-02-2.350410489e-02-2.271613674e-02-2.123354212e-02
-1.929133097e-02-1.710304873e-02-1.480698155e-02-1.247290983e-02-1.012732213e-02
-7.780491294e-03-5.447916259e-03-3.156607827e-03-9.369377279e-04 1.187555661e-03
 3.204262900e-03 5.110711790e-03 6.912220958e-03 8.619550588e-03 1.024686589e-02
 1.181001031e-02 1.332506734e-02 1.480719465e-02 1.626970624e-02 1.772337641e-02
 1.917595440e-02 2.063190089e-02 2.209237343e-02 2.355548474e-02 2.501683487e-02
 2.647028296e-02 2.790888795e-02 2.932592042e-02 3.071583545e-02 3.207510255e-02
 3.340281468e-02 3.470103793e-02 3.597490421e-02 3.723246574e-02 3.848428316e-02
 3.974253721e-02 4.101895936e-02 4.231958780e-02 4.363094746e-02 4.488389980e-02
 4.588137093e-02 4.632858079e-02 4.617876630e-02 4.569388300e-02 4.508152456e-02
-3.405615391e-04-7.689061362e-04-1.364477222e-03-2.121111622e-03-3.030094502e-03
-4.079709948e-03-5.254738453e-03-6.532666103e-03-7.883832864e-03-9.289515135e-03
-1.071703152e-02-1.211951729e-02-1.346301267e-02-1.469741937e-02-1.575666327e-02
-1.656519031e-02-1.704959224e-02-1.715750111e-02-1.687557521e-02-1.623536193e-02
-1.530190967e-02-1.415567145e-02-1.287996374e-02-1.152222276e-02-1.002443858e-02
-8.277429481e-03-6.290245916e-03-4.216704520e-03-2.179707367e-03-2.218186314e-04
 1.649871879e-03 3.438385440e-03 5.150038528e-03 6.792738951e-03 8.375365151e-03
 9.907297330e-03 1.139793623e-02 1.285622143e-02 1.429019024e-02 1.570661368e-02
 1.711073728e-02 1.850614712e-02 1.989477535e-02 2.127705073e-02 2.265218951e-02
 2.401860927e-02 2.537443698e-02 2.671807615e-02 2.804879764e-02 2.936732931e-02
 3.067644094e-02 3.198155568e-02 3.329147126e-02 3.461935480e-02 3.598431140e-02
 3.741409133e-02 3.895006909e-02 4.065697418e-02 4.264353295e-02 4.511739248e-02
 4.846223528e-02 4.947349373e-02 4.727885948e-02 4.540734205e-02 4.409512633e-02
-2.726638004e-04-6.147586549e-04-1.088880221e-03-1.688752607e-03-2.405901960e-03
-3.229406042e-03-4.145784777e-03-5.138305227e-03-6.168120503e-03-7.232900111e-03
-8.291588960e-03-9.306800626e-03-1.026508077e-02-1.112902030e-02-1.185875932e-02
-1.241717014e-02-1.277546104e-02-1.291646214e-02-1.283786750e-02-1.255489145e-02
-1.209783615e-02-1.150858536e-02-1.087654951e-02-1.035559022e-02-9.802334603e-03
-8.566519242e-03-6.665903250e-03-4.501573630e-03-2.614890741e-03-8.551551840e-04
 8.223301055e-04 2.436404729e-03 3.997217481e-03 5.511718156e-03 6.985686615e-03
 8.424473120e-03 9.833193256e-03 1.121668427e-02 1.257936969e-02 1.392510992e-02
 1.525708228e-02 1.657771502e-02 1.788868939e-02 1.919101665e-02 2.048519005e-02
 2.177140593e-02 2.304984337e-02 2.432098975e-02 2.558600183e-02 2.684709833e-02
 2.810799325e-02 2.937439964e-02 3.065466514e-02 3.196065075e-02 3.330904572e-02
 3.472345182e-02 3.623781231e-02 3.790216094e-02 3.979228006e-02 4.202373208e-02
 4.521193490e-02 4.611049767e-02 4.429044719e-02 4.271388630e-02 4.155146129e-02
-2.158588657e-04-4.863191958e-04-8.605358376e-04-1.333050513e-03-1.896689221e-03
-2.542423308e-03-3.259002104e-03-4.028650672e-03-4.824040259e-03-5.629407185e-03
-6.417445283e-03-7.172067816e-03-7.886573512e-03-8.539612296e-03-9.082302868e-03
-9.467789795e-03-9.728652506e-03-9.856141927e-03-9.844178826e-03-9.695243251e-03
-9.417548466e-03-9.017420697e-03-8.511740595e-03-7.893956386e-03-7.120359062e-03
-6.139970178e-03-4.952745542e-03-3.623646275e-03-2.233250896e-03-8.298612262e-04
 5.664939166e-04 1.948088690e-03 3.311938233e-03 4.657119281e-03 5.983805154e-03
 7.292842819e-03 8.585495440e-03 9.863242021e-03 1.112761684e-02 1.238009295e-02
 1.362200218e-02 1.485447955e-02 1.607843504e-02 1.729456358e-02 1.850339860e-02
 1.970540626e-02 2.090111328e-02 2.209125854e-02 2.327695786e-02 2.445987083e-02
 2.564235630e-02 2.682759773e-02 2.801966434e-02 2.922343749e-02 3.044424565e-02
 3.168685229e-02 3.295299474e-02 3.423571175e-02 3.550689288e-02 3.669329877e-02
 3.765094813e-02 3.820754688e-02 3.831510546e-02 3.810433985e-02 3.774456823e-02
-1.692404989e-04-3.811502352e-04-6.741709446e-04-1.043991492e-03-1.485201609e-03
-1.991469471e-03-2.555788226e-03-3.167055859e-03-3.793028995e-03-4.381100628e-03
-4.963112746e-03-5.532401646e-03-6.075306836e-03-6.586306990e-03-6.963663092e-03
-7.249276704e-03-7.447280483e-03-7.549868954e-03-7.550810375e-03-7.446631780e-03
-7.235362499e-03-6.915426882e-03-6.486770979e-03-5.946960978e-03-5.291288560e-03
-4.518184740e-03-3.634662926e-03-2.657472850e-03-1.608903268e-03-5.106441346e-04
 6.197659642e-04 1.769621186e-03 2.930193393e-03 4.095575930e-03 5.261922367e-03
 6.426711163e-03 7.588378547e-03 8.745893797e-03 9.898393568e-03 1.104528787e-02
 1.218629112e-02 1.332139205e-02 1.445063524e-02 1.557404997e-02 1.669170031e-02
 1.780358877e-02 1.890980806e-02 2.001047962e-02 2.110581454e-02 2.219614558e-02
 2.328178426e-02 2.436301878e-02 2.543973752e-02 2.651102236e-02 2.757435066e-02
 2.862436055e-02 2.965108637e-02 3.063745998e-02 3.155706882e-02 3.237389882e-02
 3.304743830e-02 3.354498693e-02 3.385481675e-02 3.398880939e-02 3.398044708e-02
-1.311590001e-04-2.952365660e-04-5.219027762e-04-8.076441647e-04-1.148122280e-03
-1.538426523e-03-1.973729365e-03-2.452873767e-03-2.934091818e-03-3.397770099e-03
-3.827764234e-03-4.273447785e-03-4.656230608e-03-5.013981151e-03-5.320795574e-03
-5.538109779e-03-5.725484405e-03-5.779719724e-03-5.788518489e-03-5.705816762e-03
-5.521860905e-03-5.294417119e-03-4.908817013e-03-4.485135153e-03-3.947318758e-03
-3.323907491e-03-2.658554130e-03-1.854377501e-03-1.050946053e-03-1.477851936e-04
 7.771831406e-04 1.709673050e-03 2.722124600e-03 3.682947745e-03 4.729273823e-03
 5.744554573e-03 6.761624831e-03 7.823716099e-03 8.821849130e-03 9.899213001e-03
 1.091891924e-02 1.195220996e-02 1.299935480e-02 1.398519165e-02 1.505143588e-02
 1.604352916e-02 1.706965157e-02 1.808518664e-02 1.905071733e-02 2.008488854e-02
 2.103318366e-02 2.203383962e-02 2.299465116e-02 2.391632769e-02 2.487768300e-02
 2.573873950e-02 2.663152421e-02 2.744740771e-02 2.817646370e-02 2.889447564e-02
 2.944782723e-02 2.996681729e-02 3.035754909e-02 3.061959428e-02 3.086582145e-02
 1.451821410e+00 1.447568572e+00 1.439878147e+00 1.433529875e+00 1.428267674e+00
 1.424041936e+00 1.420801671e+00 1.418527028e+00 1.417237709e+00 1.416899333e+00
 1.417495643e+00 1.419068470e+00 1.421585243e+00 1.425082131e+00 1.429553759e+00
 1.435012030e+00 1.441493270e+00 1.449013924e+00 1.457603545e+00 1.467292320e+00
 1.478118756e+00 1.490130746e+00 1.503378157e+00 1.517897172e+00 1.533754217e+00
 1.551034191e+00 1.569804601e+00 1.590134750e+00 1.612125419e+00 1.635881156e+00
 1.661507747e+00 1.689127685e+00 1.718888769e+00 1.750946582e+00 1.785472390e+00
 1.822657602e+00 1.862714973e+00 1.905886579e+00 1.952448502e+00 2.002708462e+00
 2.057013821e+00 2.115760153e+00 2.179403012e+00 2.248459016e+00 2.323531857e+00
 2.405303704e+00 2.494560897e+00 2.592259777e+00 2.699532614e+00 2.817658581e+00
 2.948207156e+00 3.093128899e+00 3.254704599e+00 3.435772814e+00 3.639993304e+00
 3.871961309e+00 4.137606786e+00 4.444815302e+00 4.804588095e+00 5.232820826e+00
 5.753865205e+00 6.408577608e+00 7.276462231e+00 8.571308243e+00 1.721026890e+01
  361   98
 5.437050144e-01 1.089994837e+00 5.386016010e-01 1.076940612e+00 5.335276836e-01
 1.063874895e+00 5.284897985e-01 1.050795244e+00 5.234931423e-01 1.037699789e+00
 5.185410704e-01 1.024587409e+00 5.136280186e-01 1.011460356e+00 5.087447792e-01
 9.983221832e-01 5.038853915e-01 9.851751688e-01 4.990448678e-01 9.720211968e-01
 4.942179094e-01 9.588622404e-01 4.894005135e-01 9.456997801e-01 4.845915251e-01
 9.325342457e-01 4.797890526e-01 9.193663329e-01 4.749903454e-01 9.061970475e-01
 4.701918608e-01 8.930276810e-01 4.653912276e-01 8.798590974e-01 4.605914425e-01
 8.666902049e-01 4.557957810e-01 8.535198101e-01 4.510067348e-01 8.403470085e-01
 4.462263426e-01 8.271710640e-01 4.414569269e-01 8.139911424e-01 4.367034835e-01
 8.008054525e-01 4.319716645e-01 7.876119876e-01 4.272667568e-01 7.744089028e-01
 4.225938106e-01 7.611944730e-01 4.179576795e-01 7.479670830e-01 4.133635177e-01
 7.347250590e-01 4.088165243e-01 7.214667658e-01 4.043217070e-01 7.081906945e-01
 3.998840205e-01 6.948954191e-01 3.955083535e-01 6.815796050e-01 3.911993204e-01
 6.682420806e-01 3.869608898e-01 6.548819535e-01 3.827965760e-01 6.414985405e-01
 3.787097317e-01 6.280912694e-01 3.747036642e-01 6.146596424e-01 3.707816477e-01
 6.012032340e-01 3.669466818e-01 5.877217598e-01 3.632012888e-01 5.742151277e-01
 3.595475270e-01 5.606834211e-01 3.559870317e-01 5.471268761e-01 3.525212200e-01
 5.335458167e-01 3.491512654e-01 5.199406553e-01 3.458782664e-01 5.063118448e-01
 3.427032547e-01 4.926598747e-01 3.396271486e-01 4.789852797e-01 3.366505142e-01
 4.652886881e-01 3.337732962e-01 4.515708677e-01 3.309953148e-01 4.378326072e-01
 3.283166783e-01 4.240746318e-01 3.257378812e-01 4.102975937e-01 3.232593759e-01
 3.965021603e-01 3.208808244e-01 3.826891420e-01 3.186014526e-01 3.688594109e-01
 3.164202502e-01 3.550138568e-01 3.143361523e-01 3.411533531e-01 3.123482656e-01
 3.272787236e-01 3.104560369e-01 3.133907247e-01 3.086591638e-01 2.994900666e-01
 3.069574523e-01 2.855774382e-01 3.053506859e-01 2.716535251e-01 3.038382001e-01
 2.577190550e-01 3.024186523e-01 2.437748098e-01 3.010907414e-01 2.298215393e-01
 2.998532994e-01 2.158599543e-01 2.987054169e-01 2.018907205e-01 2.976462696e-01
 1.879144782e-01 2.966750830e-01 1.739318482e-01 2.957915166e-01 1.599434080e-01
 2.949956376e-01 1.459497050e-01 2.942878329e-01 1.319512711e-01 2.936679200e-01
 1.179486691e-01 2.931346686e-01 1.039424987e-01 2.926867512e-01 8.993333901e-02
 2.923229031e-01 7.592174338e-02 2.920420220e-01 6.190823867e-02 2.918437116e-01
 4.789332235e-02 2.917284094e-01 3.387747757e-02 2.916969064e-01 1.986119431e-02
 2.917502586e-01 5.844977673e-03 2.918896499e-01-8.170646938e-03 2.921152619e-01
-2.218514904e-02 2.924265194e-01-3.619801079e-02 2.928230255e-01-5.020871962e-02
 2.933046193e-01-6.421676182e-02 2.938713830e-01-7.822161656e-02 2.945233803e-01
-9.222276209e-02 2.952607818e-01-1.062196693e-01 2.960840871e-01-1.202117861e-01
 2.969941603e-01-1.341985269e-01 2.979922410e-01-1.481792626e-01 2.990797089e-01
-1.621533290e-01 3.002578683e-01-1.761200409e-01 3.015279125e-01-1.900786969e-01
 3.028909101e-01-2.040285826e-01 3.043477417e-01-2.179689810e-01 3.058988441e-01
-2.318992049e-01 3.075449558e-01-2.458185211e-01 3.092873343e-01-2.597261140e-01
 3.111276241e-01-2.736210891e-01 3.130675406e-01-2.875025048e-01 3.151079812e-01
-3.013695006e-01 3.172494717e-01-3.152212507e-01 3.194925397e-01-3.290569147e-01
 3.218378423e-01-3.428756157e-01 3.242862515e-01-3.566764207e-01 3.268387568e-01
-3.704583518e-01 3.294964804e-01-3.842203791e-01 3.322606368e-01-3.979614238e-01
 3.351324272e-01-4.116803767e-01 3.381128909e-01-4.253761306e-01 3.412023406e-01
-4.390477118e-01 3.444007492e-01-4.526942138e-01 3.477080454e-01-4.663147359e-01
 3.511242296e-01-4.799083562e-01 3.546494807e-01-4.934741007e-01 3.582842629e-01
-5.070109086e-01 3.620290217e-01-5.205177062e-01 3.658839445e-01-5.339934759e-01
 3.698486969e-01-5.474373423e-01 3.739224291e-01-5.608485884e-01 3.781041353e-01
-5.742265615e-01 3.823929226e-01-5.875705917e-01 3.867880101e-01-6.008799889e-01
 3.912886398e-01-6.141540685e-01 3.958938793e-01-6.273922194e-01 4.006025147e-01
-6.405939481e-01 4.054131776e-01-6.537588419e-01 4.103245331e-01-6.668865038e-01
 4.153354251e-01-6.799764960e-01 4.204448904e-01-6.930283276e-01 4.256524353e-01
-7.060413372e-01 4.309582121e-01-7.190146045e-01 4.363627122e-01-7.319470559e-01
 4.418669700e-01-7.448373639e-01 4.474727081e-01-7.576838638e-01 4.531827780e-01
-7.704843283e-01 4.590022877e-01-7.832354062e-01 4.649382212e-01-7.959326982e-01
 4.709996290e-01-8.085705643e-01 4.771981038e-01-8.211417590e-01 4.835483958e-01
-8.336369338e-01 4.900708448e-01-8.460430846e-01 4.967918424e-01-8.583427644e-01
 5.037441043e-01-8.705131601e-01 5.109684087e-01-8.825239767e-01 5.185154506e-01
-8.943345285e-01 5.264481844e-01-9.058893350e-01 5.348442839e-01-9.171116094e-01
 5.437942697e-01-9.278967858e-01 5.533978949e-01-9.381034961e-01 5.637533078e-01
-9.475453388e-01 5.749322255e-01-9.559937542e-01 5.869452474e-01-9.632042755e-01
 5.997127439e-01-9.689723935e-01 6.130699222e-01-9.731996701e-01 6.268137549e-01
-9.759235055e-01 6.407594526e-01-9.772896853e-01 6.547715753e-01-9.774945958e-01
 6.687655091e-01-9.767357514e-01 6.826945804e-01-9.751853695e-01 6.965360206e-01
-9.729835506e-01 7.102804792e-01-9.702394060e-01 7.239256073e-01-9.670369831e-01
 7.374721313e-01-9.634398054e-01 7.509219860e-01-9.594962788e-01 7.642771031e-01
-9.552427894e-01 7.775390195e-01-9.507069493e-01 7.907086517e-01-9.459096897e-01
 8.037861923e-01-9.408667433e-01 8.167713448e-01-9.355904260e-01 8.296631399e-01
-9.300899198e-01 8.424603505e-01-9.243727931e-01 8.551613018e-01-9.184448845e-01
 8.677641610e-01-9.123111801e-01 8.802669470e-01-9.059759760e-01 8.926673461e-01
-8.994426275e-01 9.049629812e-01-8.927141847e-01 9.171509359e-01-8.857925988e-01
 9.292278845e-01-8.786790972e-01 9.411905403e-01-8.713750252e-01 9.530360339e-01
-8.638824332e-01 9.647623154e-01-8.562046048e-01 9.763674892e-01-8.483449142e-01
 9.878501342e-01-8.403072678e-01 9.992089921e-01-8.320956103e-01 1.010442031e+00
-8.237126616e-01 1.021545660e+00-8.151590450e-01 1.032515245e+00-8.064341897e-01
 1.043346690e+00-7.975384225e-01 1.054036917e+00-7.884734378e-01 1.064583249e+00
-7.792414374e-01 1.074983373e+00-7.698450322e-01 1.085234977e+00-7.602868079e-01
 1.095334656e+00-7.505681910e-01 1.105275945e+00-7.406876224e-01 1.115050801e+00
-7.306423798e-01 1.124652382e+00-7.204313968e-01 1.134075765e+00-7.100557389e-01
 1.143317445e+00-6.995179149e-01 1.152373893e+00-6.888204843e-01 1.161239644e+00
-6.779644947e-01 1.169905237e+00-6.669480874e-01 1.178361954e+00-6.557705454e-01
 1.186603822e+00-6.444336580e-01 1.194626987e+00-6.329409579e-01 1.202428253e+00
-6.212964943e-01 1.210004266e+00-6.095042410e-01 1.217350403e+00-5.975674342e-01
 1.224462840e+00-5.854899223e-01 1.231340717e+00-5.732773078e-01 1.237986387e+00
-5.609367882e-01 1.244404476e+00-5.484763810e-01 1.250599180e+00-5.359034186e-01
 1.256573103e+00-5.232240590e-01 1.262331690e+00-5.104454491e-01 1.267884038e+00
-4.975758722e-01 1.273242268e+00-4.846242557e-01 1.278419689e+00-4.715992923e-01
 1.283426942e+00-4.585079578e-01 1.288274713e+00-4.453567209e-01 1.292975926e+00
-4.321523721e-01 1.297545797e+00-4.189019824e-01 1.302001338e+00-4.056127009e-01
 1.306356897e+00-3.922903091e-01 1.310622902e+00-3.789389665e-01 1.314809649e+00
-3.655625533e-01 1.318928026e+00-3.521649284e-01 1.322989720e+00-3.387500068e-01
 1.327003755e+00-3.253207460e-01 1.330974416e+00-3.118785959e-01 1.334905329e+00
-2.984247678e-01 1.338799063e+00-2.849601323e-01 1.342656545e+00-2.714850661e-01
 1.346475499e+00-2.579990313e-01 1.350249025e+00-2.445002168e-01 1.353968491e+00
-2.309864092e-01 1.357623602e+00-2.174550573e-01 1.361201884e+00-2.039031914e-01
 1.364688914e+00-1.903275662e-01 1.368069262e+00-1.767249938e-01 1.371324715e+00
-1.630920041e-01 1.374434243e+00-1.494250086e-01 1.377374059e+00-1.357205269e-01
 1.380120033e+00-1.219759138e-01 1.382652371e+00-1.081903609e-01 1.384951291e+00
-9.436398994e-02 1.386996277e+00-8.049781196e-02 1.388766404e+00-6.659390123e-02
 1.390243129e+00-5.265579505e-02 1.391414520e+00-3.868872844e-02 1.392270790e+00
-2.469882017e-02 1.392803695e+00-1.069287737e-02 1.393006838e+00 3.321719308e-03
 1.392878496e+00 1.733720545e-02 1.392424354e+00 3.134593113e-02 1.391652646e+00
 4.534076896e-02 1.390573270e+00 5.931525991e-02 1.389197518e+00 7.326370887e-02
 1.387541069e+00 8.718164128e-02 1.385625296e+00 1.010662817e-01 1.383471624e+00
 1.149160398e-01 1.381100648e+00 1.287302775e-01 1.378531931e+00 1.425091345e-01
 1.375787622e+00 1.562541189e-01 1.372893357e+00 1.699683294e-01 1.369872468e+00
 1.836552194e-01 1.366745566e+00 1.973182900e-01 1.363530564e+00 2.109609063e-01
 1.360243243e+00 2.245862832e-01 1.356897013e+00 2.381973161e-01 1.353502395e+00
 2.517963637e-01 1.350067716e+00 2.653853505e-01 1.346599665e+00 2.789658594e-01
 1.343101881e+00 2.925387410e-01 1.339573953e+00 3.061038185e-01 1.336014403e+00
 3.196606322e-01 1.332420953e+00 3.332084990e-01 1.328790228e+00 3.467464235e-01
 1.325114428e+00 3.602721755e-01 1.321379094e+00 3.737816030e-01 1.317569973e+00
 3.872704059e-01 1.313673975e+00 4.007343669e-01 1.309679119e+00 4.141693215e-01
 1.305572571e+00 4.275705488e-01 1.301337222e+00 4.409316158e-01 1.296955430e+00
 4.542453605e-01 1.292410284e+00 4.675042124e-01 1.287686735e+00 4.807005457e-01
 1.282771673e+00 4.938267373e-01 1.277652304e+00 5.068745874e-01 1.272316893e+00
 5.198355794e-01 1.266755165e+00 5.327010661e-01 1.260958624e+00 5.454624673e-01
 1.254921817e+00 5.581119731e-01 1.248641161e+00 5.706421851e-01 1.242114179e+00
 5.830458633e-01 1.235339860e+00 5.953162026e-01 1.228319145e+00 6.074472460e-01
 1.221056591e+00 6.194350798e-01 1.213559647e+00 6.312777527e-01 1.205834972e+00
 6.429731630e-01 1.197887725e+00 6.545184922e-01 1.189723967e+00 6.659117630e-01
 1.181352227e+00 6.771531079e-01 1.172783324e+00 6.882449134e-01 1.164028268e+00
 6.991903934e-01 1.155095748e+00 7.099915440e-01 1.145992747e+00 7.206494188e-01
 1.136725367e+00 7.311646816e-01 1.127300244e+00 7.415388008e-01 1.117725227e+00
 7.517747458e-01 1.108008709e+00 7.618764779e-01 1.098157304e+00 7.718467164e-01
 1.088175010e+00 7.816859084e-01 1.078064177e+00 7.913929627e-01 1.067826427e+00
 8.009660671e-01 1.057463561e+00 8.104035889e-01 1.046978255e+00 8.197048900e-01
 1.036374343e+00 8.288707470e-01 1.025655264e+00 8.379016527e-01 1.014822354e+00
 8.467956892e-01 1.003875451e+00 8.555490351e-01 9.928141367e-01 8.641573432e-01
 9.816386985e-01 8.726169631e-01 9.703502421e-01 8.809251699e-01 9.589506683e-01
 8.890802458e-01 9.474429628e-01 8.970820140e-01 9.358303057e-01 9.049306951e-01
 9.241152549e-01 9.126257052e-01 9.122999319e-01 9.201658462e-01 9.003864881e-01
 9.275499808e-01 8.883777402e-01 9.347780923e-01 8.762770228e-01 9.418511622e-01
 8.640881837e-01 9.487712759e-01 8.518157814e-01 9.555420981e-01 8.394647127e-01
 9.621683440e-01 8.270401515e-01 9.686557518e-01 8.145470843e-01 9.750102453e-01
 8.019903098e-01 9.812379150e-01 7.893745543e-01 9.873452301e-01 7.767043348e-01
 9.933387476e-01 7.639842411e-01 9.992256873e-01 7.512186581e-01 1.005013333e+00
 7.384118811e-01 1.010709256e+00 7.255681106e-01 1.016321273e+00 7.126912298e-01
 1.021856904e+00 6.997850795e-01 1.027323954e+00 6.868530349e-01 1.032729473e+00
 6.738985215e-01 1.038080927e+00 6.609247533e-01 1.043385534e+00 6.479346755e-01
 1.048650081e+00 6.349311426e-01 1.053881307e+00 6.219163817e-01 1.059084539e+00
 6.088929197e-01 1.064265956e+00 5.958624581e-01 1.069429745e+00 5.828270327e-01
 1.074580993e+00 5.697880675e-01 1.079723273e+00 5.567463180e-01 1.084858489e+00
 5.437050144e-01 1.089994837e+00
 1.564415800e+00 1.564235200e+00 1.732983500e+00 1.679019500e+00 1.348479700e+00
 2.060413400e+00 1.088195300e+00 2.059460000e+00 9.022530300e-01 1.875653100e+00
 9.036687600e-01 1.874241700e+00 5.338664700e-01 1.502855800e+00 5.380106600e-01
 1.498743300e+00 3.327971400e-01 1.297089600e+00 3.327971400e-01 1.094000000e+00
 3.347959200e-01 1.094000000e+00 3.031152500e-01 8.475000000e-01 3.051140300e-01
 8.475000000e-01 2.691359500e-01 5.650000000e-01 2.711347300e-01 5.650000000e-01
 2.608410000e-01 4.952577000e-01 2.608410000e-01-5.072577000e-01 2.711347300e-01
-5.769999600e-01 2.691359500e-01-5.769999600e-01 3.051140300e-01-8.595000000e-01
 3.031152500e-01-8.595000000e-01 3.347959200e-01-1.106000100e+00 3.327971400e-01
-1.106000100e+00 3.327971400e-01-1.309089700e+00 5.385981000e-01-1.509901900e+00
 5.344689500e-01-1.514029600e+00 9.056296000e-01-1.884058000e+00 9.042190000e-01
-1.885474700e+00 1.088195300e+00-2.066140000e+00 1.348479700e+00-2.065186500e+00
 1.730179100e+00-1.680985800e+00 1.564415800e+00-1.568835300e+00 1.379991300e+00
-1.576883000e+00 1.379891900e+00-1.576727000e+00 1.196222100e+00-1.584749900e+00
 1.196316500e+00-1.584898000e+00 1.055374100e+00-1.591048400e+00 1.055283500e+00
-1.590906300e+00 9.475025000e-01-1.595614200e+00 9.056864000e-01-1.595562300e+00
 8.991430000e-01-1.594784700e+00 8.833878600e-01-1.590264300e+00 8.676812000e-01
-1.580873600e+00 8.513223500e-01-1.567668800e+00 8.334819000e-01-1.546242100e+00
 8.260625600e-01-1.528752400e+00 8.226777000e-01-1.515168300e+00 8.210227500e-01
-1.496240600e+00 8.206913500e-01-1.477243500e+00 8.228873600e-01-1.445820300e+00
 8.275730000e-01-1.419230500e+00 8.391946000e-01-1.387281000e+00 8.552443000e-01
-1.352841300e+00 8.775665000e-01-1.322098600e+00 8.994735000e-01-1.300178300e+00
 1.185677300e+00-1.013800000e+00 1.279000000e+00-8.423000000e-01 1.296000000e+00
-8.202000000e-01 1.433000000e+00-8.202000000e-01 1.433000000e+00-7.110000000e-01
 1.490000000e+00-4.910000000e-01 1.460000000e+00-4.910000000e-01 1.460000000e+00
-2.330000000e-01 1.661000000e+00-2.330000000e-01 1.661000000e+00 2.260000000e-01
 1.460000000e+00 2.260000000e-01 1.460000000e+00 4.810000000e-01 1.493000000e+00
 4.810000000e-01 1.474000000e+00 5.540000000e-01 1.433000000e+00 7.110000000e-01
 1.433000000e+00 8.156000000e-01 1.296000000e+00 8.156000000e-01 1.279000000e+00
 8.376999500e-01 1.185677300e+00 1.009200000e+00 8.994735000e-01 1.295578200e+00
 8.775665000e-01 1.317498600e+00 8.552443000e-01 1.348241200e+00 8.391946000e-01
 1.382680900e+00 8.275730000e-01 1.414630400e+00 8.228873600e-01 1.441220300e+00
 8.206913500e-01 1.472643500e+00 8.210227500e-01 1.491640600e+00 8.226777000e-01
 1.510568300e+00 8.260625600e-01 1.524152400e+00 8.334819000e-01 1.541642100e+00
 8.513223500e-01 1.563068700e+00 8.676812000e-01 1.576273600e+00 8.833878600e-01
 1.585664300e+00 8.991430000e-01 1.590184700e+00 9.056864000e-01 1.590962300e+00
 9.475025000e-01 1.591014100e+00 1.055283500e+00 1.586306200e+00 1.055374100e+00
 1.586448300e+00 1.196316500e+00 1.580298000e+00 1.196222100e+00 1.580149900e+00
 1.379891900e+00 1.572127000e+00 1.379991300e+00 1.572282900e+00 1.564415800e+00
 1.564235200e+00
